# resolution: 1080,1920
frame,track_id,class,x1_norm,y1_norm,x2_norm,y2_norm
0,1328,0,0.2651,0.3189,0.6626,0.7121
1,1328,0,0.3334,0.3298,0.6148,0.7477
2,1328,0,0.3583,0.3313,0.5939,0.7620
3,1328,0,0.3644,0.3306,0.5881,0.7676
4,1328,0,0.3660,0.3296,0.5865,0.7696
5,1328,0,0.3660,0.3287,0.5860,0.7701
6,1328,0,0.3653,0.3281,0.5861,0.7703
7,1328,0,0.3647,0.3278,0.5862,0.7700
8,1328,0,0.3641,0.3276,0.5863,0.7697
9,1328,0,0.3636,0.3273,0.5865,0.7694
10,1328,0,0.3631,0.3270,0.5865,0.7691
11,1328,0,0.3628,0.3268,0.5866,0.7688
12,1328,0,0.3625,0.3267,0.5868,0.7685
13,1328,0,0.3624,0.3266,0.5869,0.7682
14,1328,0,0.3623,0.3266,0.5871,0.7679
15,1328,0,0.3621,0.3266,0.5872,0.7677
16,1328,0,0.3619,0.3266,0.5872,0.7675
17,1328,0,0.3618,0.3265,0.5872,0.7673
18,1328,0,0.3619,0.3265,0.5872,0.7671
19,1328,0,0.3618,0.3265,0.5872,0.7669
20,1328,0,0.3617,0.3264,0.5870,0.7668
21,1328,0,0.3617,0.3264,0.5869,0.7666
22,1328,0,0.3617,0.3264,0.5868,0.7664
23,1328,0,0.3615,0.3264,0.5868,0.7664
24,1328,0,0.3613,0.3265,0.5869,0.7663
25,1328,0,0.3610,0.3266,0.5868,0.7663
26,1328,0,0.3608,0.3267,0.5868,0.7663
27,1328,0,0.3607,0.3267,0.5868,0.7663
28,1328,0,0.3606,0.3267,0.5868,0.7662
29,1328,0,0.3604,0.3267,0.5867,0.7662
30,1328,0,0.3603,0.3267,0.5867,0.7661
31,1328,0,0.3602,0.3267,0.5868,0.7661
32,1328,0,0.3601,0.3267,0.5870,0.7661
33,1328,0,0.3598,0.3266,0.5871,0.7661
34,1328,0,0.3598,0.3265,0.5873,0.7661
35,1328,0,0.3597,0.3265,0.5873,0.7661
36,1328,0,0.3596,0.3266,0.5873,0.7658
37,1328,0,0.3586,0.3267,0.5871,0.7659
38,1328,0,0.3583,0.3267,0.5869,0.7659
39,1328,0,0.3583,0.3265,0.5868,0.7660
40,1328,0,0.3579,0.3265,0.5866,0.7660
41,1328,0,0.3578,0.3265,0.5864,0.7660
42,1328,0,0.3578,0.3265,0.5864,0.7659
43,1328,0,0.3579,0.3265,0.5864,0.7659
44,1328,0,0.3581,0.3265,0.5864,0.7659
45,1328,0,0.3581,0.3265,0.5864,0.7659
46,1328,0,0.3583,0.3264,0.5863,0.7660
47,1328,0,0.3584,0.3264,0.5864,0.7660
48,1328,0,0.3583,0.3263,0.5864,0.7660
49,1328,0,0.3583,0.3263,0.5863,0.7659
50,1328,0,0.3582,0.3263,0.5863,0.7660
51,1328,0,0.3581,0.3263,0.5863,0.7660
52,1328,0,0.3580,0.3264,0.5863,0.7659
53,1328,0,0.3582,0.3264,0.5864,0.7659
54,1328,0,0.3581,0.3264,0.5865,0.7660
55,1328,0,0.3582,0.3265,0.5865,0.7660
56,1328,0,0.3582,0.3265,0.5867,0.7660
57,1328,0,0.3583,0.3265,0.5868,0.7660
58,1328,0,0.3584,0.3265,0.5868,0.7659
59,1328,0,0.3584,0.3265,0.5868,0.7659
60,1328,0,0.3584,0.3265,0.5868,0.7659
61,1328,0,0.3583,0.3264,0.5868,0.7660
62,1328,0,0.3583,0.3264,0.5868,0.7660
63,1328,0,0.3584,0.3264,0.5867,0.7660
64,1328,0,0.3584,0.3265,0.5866,0.7661
65,1328,0,0.3583,0.3265,0.5864,0.7661
66,1328,0,0.3582,0.3266,0.5863,0.7663
67,1328,0,0.3582,0.3266,0.5862,0.7665
68,1328,0,0.3582,0.3266,0.5862,0.7665
69,1328,0,0.3582,0.3266,0.5862,0.7665
70,1328,0,0.3583,0.3265,0.5862,0.7666
71,1328,0,0.3585,0.3265,0.5862,0.7665
72,1328,0,0.3596,0.3265,0.5865,0.7663
73,1328,0,0.3600,0.3265,0.5866,0.7662
74,1328,0,0.3602,0.3265,0.5866,0.7661
75,1328,0,0.3602,0.3265,0.5866,0.7661
76,1328,0,0.3603,0.3265,0.5866,0.7661
77,1328,0,0.3604,0.3265,0.5866,0.7661
78,1328,0,0.3600,0.3264,0.5861,0.7655
79,1328,0,0.3602,0.3265,0.5864,0.7659
80,1328,0,0.3602,0.3265,0.5865,0.7661
81,1328,0,0.3602,0.3266,0.5865,0.7661
82,1328,0,0.3600,0.3266,0.5866,0.7662
83,1328,0,0.3599,0.3266,0.5867,0.7662
84,1328,0,0.3589,0.3266,0.5866,0.7664
85,1328,0,0.3583,0.3267,0.5865,0.7665
86,1328,0,0.3583,0.3266,0.5865,0.7665
87,1328,0,0.3583,0.3266,0.5865,0.7665
88,1328,0,0.3583,0.3266,0.5865,0.7666
89,1328,0,0.3583,0.3266,0.5865,0.7666
90,1328,0,0.3584,0.3266,0.5864,0.7666
91,1328,0,0.3584,0.3266,0.5862,0.7666
92,1328,0,0.3584,0.3265,0.5861,0.7666
93,1328,0,0.3585,0.3265,0.5861,0.7665
94,1328,0,0.3585,0.3264,0.5861,0.7666
95,1328,0,0.3584,0.3262,0.5862,0.7665
96,1328,0,0.3584,0.3263,0.5862,0.7668
97,1328,0,0.3584,0.3265,0.5862,0.7669
98,1328,0,0.3585,0.3268,0.5862,0.7669
99,1328,0,0.3581,0.3270,0.5863,0.7669
100,1328,0,0.3584,0.3266,0.5864,0.7670
101,1328,0,0.3599,0.3263,0.5865,0.7668
102,1328,0,0.3603,0.3267,0.5866,0.7668
103,1328,0,0.3608,0.3271,0.5866,0.7668
104,1328,0,0.3610,0.3271,0.5866,0.7668
105,1328,0,0.3598,0.3272,0.5863,0.7669
106,1328,0,0.3588,0.3274,0.5861,0.7668
107,1328,0,0.3588,0.3277,0.5861,0.7668
108,1328,0,0.3586,0.3278,0.5860,0.7667
109,1328,0,0.3582,0.3278,0.5861,0.7667
110,1328,0,0.3582,0.3278,0.5862,0.7668
111,1328,0,0.3581,0.3277,0.5863,0.7668
112,1328,0,0.3582,0.3277,0.5863,0.7668
113,1328,0,0.3582,0.3277,0.5865,0.7668
114,1328,0,0.3594,0.3273,0.5869,0.7666
115,1328,0,0.3598,0.3272,0.5871,0.7666
116,1328,0,0.3603,0.3272,0.5872,0.7665
117,1328,0,0.3605,0.3273,0.5873,0.7665
118,1328,0,0.3603,0.3270,0.5873,0.7665
119,1328,0,0.3603,0.3269,0.5873,0.7666
120,1328,0,0.3603,0.3263,0.5874,0.7666
121,1328,0,0.3601,0.3259,0.5876,0.7668
122,1328,0,0.3599,0.3258,0.5877,0.7669
123,1328,0,0.3600,0.3256,0.5877,0.7669
124,1328,0,0.3601,0.3257,0.5876,0.7669
125,1328,0,0.3602,0.3258,0.5876,0.7669
126,1328,0,0.3607,0.3263,0.5876,0.7665
127,1328,0,0.3611,0.3265,0.5876,0.7664
128,1328,0,0.3617,0.3262,0.5877,0.7656
129,1328,0,0.3620,0.3259,0.5877,0.7653
130,1328,0,0.3621,0.3258,0.5878,0.7652
131,1328,0,0.3621,0.3258,0.5879,0.7653
132,1328,0,0.3620,0.3256,0.5879,0.7653
133,1328,0,0.3621,0.3254,0.5880,0.7654
134,1328,0,0.3620,0.3253,0.5881,0.7654
135,1328,0,0.3620,0.3254,0.5882,0.7655
136,1328,0,0.3621,0.3255,0.5882,0.7655
137,1328,0,0.3624,0.3254,0.5883,0.7655
138,1328,0,0.3625,0.3253,0.5883,0.7655
139,1328,0,0.3626,0.3253,0.5883,0.7656
140,1328,0,0.3626,0.3254,0.5884,0.7656
141,1328,0,0.3627,0.3254,0.5885,0.7656
142,1328,0,0.3626,0.3254,0.5886,0.7657
143,1328,0,0.3628,0.3256,0.5884,0.7651
144,1328,0,0.3629,0.3257,0.5886,0.7654
145,1328,0,0.3629,0.3259,0.5884,0.7650
146,1328,0,0.3628,0.3259,0.5887,0.7654
147,1328,0,0.3628,0.3260,0.5884,0.7650
148,1328,0,0.3629,0.3258,0.5885,0.7649
149,1328,0,0.3627,0.3258,0.5885,0.7648
150,1328,0,0.3625,0.3257,0.5886,0.7648
151,1328,0,0.3623,0.3256,0.5886,0.7647
152,1328,0,0.3623,0.3257,0.5886,0.7648
153,1328,0,0.3623,0.3258,0.5889,0.7647
154,1328,0,0.3625,0.3258,0.5890,0.7647
155,1328,0,0.3625,0.3259,0.5890,0.7646
156,1328,0,0.3631,0.3261,0.5889,0.7650
157,1328,0,0.3631,0.3262,0.5893,0.7657
158,1328,0,0.3633,0.3264,0.5893,0.7659
159,1328,0,0.3633,0.3265,0.5893,0.7659
160,1328,0,0.3634,0.3264,0.5893,0.7659
161,1328,0,0.3634,0.3265,0.5892,0.7659
162,1328,0,0.3634,0.3264,0.5889,0.7658
163,1328,0,0.3632,0.3265,0.5888,0.7657
164,1328,0,0.3629,0.3263,0.5887,0.7657
165,1328,0,0.3628,0.3261,0.5886,0.7657
166,1328,0,0.3627,0.3260,0.5885,0.7658
167,1328,0,0.3625,0.3258,0.5885,0.7657
168,1328,0,0.3624,0.3257,0.5881,0.7652
169,1328,0,0.3624,0.3256,0.5879,0.7651
170,1328,0,0.3621,0.3255,0.5879,0.7651
171,1328,0,0.3620,0.3255,0.5878,0.7650
172,1328,0,0.3619,0.3255,0.5879,0.7650
173,1328,0,0.3618,0.3255,0.5878,0.7650
174,1328,0,0.3617,0.3255,0.5878,0.7650
175,1328,0,0.3616,0.3254,0.5879,0.7649
176,1328,0,0.3613,0.3254,0.5879,0.7649
177,1328,0,0.3611,0.3253,0.5882,0.7652
178,1328,0,0.3610,0.3252,0.5884,0.7653
179,1328,0,0.3609,0.3252,0.5884,0.7655
180,1328,0,0.3609,0.3253,0.5884,0.7655
181,1328,0,0.3606,0.3255,0.5885,0.7655
182,1328,0,0.3604,0.3254,0.5886,0.7656
183,1328,0,0.3604,0.3255,0.5885,0.7657
184,1328,0,0.3605,0.3255,0.5885,0.7658
185,1328,0,0.3604,0.3255,0.5885,0.7658
186,1328,0,0.3601,0.3255,0.5883,0.7656
187,1328,0,0.3592,0.3257,0.5881,0.7657
188,1328,0,0.3588,0.3256,0.5881,0.7659
189,1328,0,0.3586,0.3256,0.5880,0.7660
190,1328,0,0.3584,0.3256,0.5880,0.7661
191,1328,0,0.3583,0.3255,0.5879,0.7661
192,1328,0,0.3584,0.3256,0.5879,0.7661
193,1328,0,0.3583,0.3255,0.5878,0.7661
194,1328,0,0.3581,0.3254,0.5878,0.7661
195,1328,0,0.3581,0.3254,0.5877,0.7661
196,1328,0,0.3581,0.3254,0.5878,0.7661
197,1328,0,0.3582,0.3257,0.5878,0.7661
198,1328,0,0.3582,0.3259,0.5879,0.7660
199,1328,0,0.3592,0.3258,0.5880,0.7658
200,1328,0,0.3587,0.3259,0.5880,0.7658
201,1328,0,0.3597,0.3259,0.5881,0.7656
202,1328,0,0.3601,0.3258,0.5882,0.7656
203,1328,0,0.3603,0.3258,0.5883,0.7656
204,1328,0,0.3603,0.3258,0.5883,0.7654
205,1328,0,0.3603,0.3258,0.5884,0.7655
206,1328,0,0.3604,0.3258,0.5884,0.7654
207,1328,0,0.3605,0.3257,0.5883,0.7654
208,1328,0,0.3604,0.3257,0.5882,0.7654
209,1328,0,0.3601,0.3257,0.5878,0.7651
210,1328,0,0.3595,0.3259,0.5880,0.7655
211,1328,0,0.3599,0.3258,0.5882,0.7655
212,1328,0,0.3595,0.3260,0.5881,0.7656
213,1328,0,0.3594,0.3260,0.5881,0.7657
214,1328,0,0.3594,0.3260,0.5880,0.7657
215,1328,0,0.3594,0.3261,0.5880,0.7657
216,1328,0,0.3602,0.3260,0.5882,0.7657
217,1328,0,0.3605,0.3261,0.5883,0.7657
218,1328,0,0.3610,0.3261,0.5884,0.7656
219,1328,0,0.3610,0.3260,0.5884,0.7656
220,1328,0,0.3612,0.3260,0.5882,0.7656
221,1328,0,0.3614,0.3260,0.5882,0.7656
222,1328,0,0.3614,0.3259,0.5881,0.7656
223,1328,0,0.3613,0.3259,0.5881,0.7656
224,1328,0,0.3613,0.3259,0.5881,0.7656
225,1328,0,0.3612,0.3259,0.5881,0.7656
226,1328,0,0.3612,0.3259,0.5882,0.7657
227,1328,0,0.3612,0.3259,0.5883,0.7657
228,1328,0,0.3612,0.3259,0.5883,0.7657
229,1328,0,0.3613,0.3259,0.5884,0.7656
230,1328,0,0.3613,0.3258,0.5883,0.7656
231,1328,0,0.3612,0.3257,0.5883,0.7656
232,1328,0,0.3613,0.3256,0.5883,0.7656
233,1328,0,0.3612,0.3257,0.5883,0.7657
234,1328,0,0.3612,0.3258,0.5882,0.7657
235,1328,0,0.3611,0.3258,0.5882,0.7657
236,1328,0,0.3611,0.3258,0.5883,0.7657
237,1328,0,0.3610,0.3259,0.5883,0.7656
238,1328,0,0.3610,0.3260,0.5884,0.7656
239,1328,0,0.3610,0.3260,0.5884,0.7656
240,1328,0,0.3611,0.3260,0.5884,0.7655
241,1328,0,0.3611,0.3259,0.5885,0.7656
242,1328,0,0.3611,0.3259,0.5884,0.7656
243,1328,0,0.3611,0.3258,0.5884,0.7656
244,1328,0,0.3612,0.3258,0.5882,0.7656
245,1328,0,0.3611,0.3259,0.5882,0.7656
246,1328,0,0.3610,0.3259,0.5881,0.7654
247,1328,0,0.3610,0.3260,0.5880,0.7653
248,1328,0,0.3610,0.3260,0.5880,0.7653
249,1328,0,0.3611,0.3260,0.5880,0.7654
250,1328,0,0.3611,0.3260,0.5879,0.7654
251,1328,0,0.3610,0.3259,0.5879,0.7655
252,1328,0,0.3609,0.3258,0.5879,0.7654
253,1328,0,0.3607,0.3257,0.5879,0.7654
254,1328,0,0.3608,0.3256,0.5879,0.7653
255,1328,0,0.3608,0.3256,0.5880,0.7653
256,1328,0,0.3608,0.3257,0.5877,0.7653
257,1328,0,0.3608,0.3257,0.5876,0.7652
258,1328,0,0.3608,0.3258,0.5877,0.7652
259,1328,0,0.3608,0.3259,0.5878,0.7651
260,1328,0,0.3607,0.3259,0.5880,0.7650
261,1328,0,0.3605,0.3260,0.5879,0.7650
262,1328,0,0.3604,0.3260,0.5878,0.7650
263,1328,0,0.3604,0.3261,0.5878,0.7649
264,1328,0,0.3602,0.3261,0.5877,0.7649
265,1328,0,0.3600,0.3261,0.5877,0.7650
266,1328,0,0.3600,0.3262,0.5877,0.7650
267,1328,0,0.3600,0.3263,0.5876,0.7651
268,1328,0,0.3602,0.3263,0.5876,0.7651
269,1328,0,0.3602,0.3263,0.5876,0.7651
270,1328,0,0.3600,0.3263,0.5876,0.7651
271,1328,0,0.3600,0.3262,0.5875,0.7651
272,1328,0,0.3599,0.3261,0.5876,0.7650
273,1328,0,0.3597,0.3259,0.5876,0.7651
274,1328,0,0.3597,0.3259,0.5876,0.7651
275,1328,0,0.3598,0.3258,0.5876,0.7651
276,1328,0,0.3601,0.3260,0.5872,0.7653
277,1328,0,0.3602,0.3259,0.5871,0.7653
278,1328,0,0.3600,0.3260,0.5870,0.7652
279,1328,0,0.3599,0.3261,0.5870,0.7652
280,1328,0,0.3598,0.3261,0.5869,0.7652
281,1328,0,0.3598,0.3262,0.5868,0.7653
282,1328,0,0.3597,0.3261,0.5868,0.7653
283,1328,0,0.3597,0.3261,0.5868,0.7654
284,1328,0,0.3597,0.3260,0.5869,0.7654
285,1328,0,0.3598,0.3261,0.5869,0.7654
286,1328,0,0.3596,0.3261,0.5868,0.7654
287,1328,0,0.3596,0.3262,0.5868,0.7655
288,1328,0,0.3596,0.3261,0.5868,0.7654
289,1328,0,0.3594,0.3260,0.5869,0.7653
290,1328,0,0.3594,0.3260,0.5871,0.7652
291,1328,0,0.3593,0.3261,0.5872,0.7652
292,1328,0,0.3595,0.3261,0.5872,0.7652
293,1328,0,0.3596,0.3260,0.5872,0.7651
294,1328,0,0.3597,0.3259,0.5871,0.7651
295,1328,0,0.3599,0.3258,0.5870,0.7650
296,1328,0,0.3601,0.3260,0.5869,0.7650
297,1328,0,0.3602,0.3260,0.5869,0.7650
298,1328,0,0.3602,0.3258,0.5868,0.7650
299,1328,0,0.3602,0.3258,0.5868,0.7650
300,1328,0,0.3604,0.3258,0.5868,0.7650
301,1328,0,0.3606,0.3258,0.5867,0.7650
302,1328,0,0.3610,0.3257,0.5867,0.7650
303,1328,0,0.3610,0.3256,0.5866,0.7648
304,1328,0,0.3610,0.3255,0.5865,0.7648
305,1328,0,0.3609,0.3254,0.5865,0.7648
306,1328,0,0.3605,0.3255,0.5865,0.7653
307,1328,0,0.3604,0.3256,0.5866,0.7654
308,1328,0,0.3604,0.3256,0.5867,0.7654
309,1328,0,0.3604,0.3256,0.5867,0.7655
310,1328,0,0.3604,0.3256,0.5868,0.7655
311,1328,0,0.3604,0.3256,0.5868,0.7655
312,1328,0,0.3606,0.3256,0.5870,0.7656
313,1328,0,0.3607,0.3256,0.5870,0.7656
314,1328,0,0.3607,0.3255,0.5869,0.7656
