# resolution: 1080,1920
frame,track_id,class,x1_norm,y1_norm,x2_norm,y2_norm
0,1189,0,0.3831,0.2064,0.7213,0.8349
1,1189,0,0.3935,0.2000,0.7434,0.7908
2,1189,0,0.3986,0.1985,0.7541,0.7770
3,1189,0,0.4006,0.1981,0.7582,0.7730
4,1189,0,0.4011,0.1982,0.7585,0.7725
5,1189,0,0.4000,0.1986,0.7580,0.7728
6,1189,0,0.3995,0.1988,0.7551,0.7734
7,1189,0,0.3999,0.1988,0.7497,0.7740
8,1189,0,0.3998,0.1995,0.7448,0.7747
9,1189,0,0.3996,0.1998,0.7404,0.7753
10,1189,0,0.3996,0.2002,0.7350,0.7757
11,1189,0,0.3996,0.2005,0.7314,0.7760
12,1189,0,0.3994,0.2007,0.7290,0.7763
13,1189,0,0.3999,0.2006,0.7276,0.7767
14,1189,0,0.3990,0.2008,0.7277,0.7771
15,1189,0,0.3988,0.2012,0.7279,0.7772
16,1189,0,0.4000,0.2012,0.7279,0.7771
17,1189,0,0.4002,0.2017,0.7291,0.7767
18,1189,0,0.3997,0.2020,0.7298,0.7768
19,1189,0,0.3987,0.2023,0.7307,0.7767
20,1189,0,0.4001,0.2018,0.7306,0.7762
21,1189,0,0.4005,0.2006,0.7313,0.7742
22,1189,0,0.4023,0.2002,0.7314,0.7713
23,1189,0,0.4036,0.1999,0.7310,0.7722
24,1189,0,0.4087,0.1999,0.7307,0.7699
25,1189,0,0.4119,0.1996,0.7305,0.7711
26,1189,0,0.4177,0.1997,0.7306,0.7733
27,1189,0,0.4298,0.1999,0.7311,0.7762
28,1189,0,0.4400,0.2002,0.7324,0.7816
29,1189,0,0.4472,0.2005,0.7343,0.7863
30,1189,0,0.4516,0.2009,0.7367,0.7877
31,1189,0,0.4529,0.2011,0.7392,0.7866
32,1189,0,0.4525,0.2011,0.7420,0.7874
33,1189,0,0.4494,0.2010,0.7444,0.7891
34,1189,0,0.4426,0.2010,0.7463,0.7909
35,1189,0,0.4371,0.2010,0.7478,0.7895
36,1189,0,0.4311,0.2008,0.7484,0.7876
37,1189,0,0.4281,0.2006,0.7481,0.7877
38,1189,0,0.4263,0.2004,0.7470,0.7871
39,1189,0,0.4257,0.2003,0.7460,0.7855
40,1189,0,0.4276,0.2003,0.7445,0.7852
41,1189,0,0.4299,0.2002,0.7415,0.7837
42,1189,0,0.4327,0.2003,0.7399,0.7827
43,1189,0,0.4350,0.2006,0.7388,0.7822
44,1189,0,0.4385,0.2006,0.7381,0.7822
45,1189,0,0.4423,0.2008,0.7398,0.7827
46,1189,0,0.4455,0.2012,0.7438,0.7833
47,1189,0,0.4485,0.2015,0.7504,0.7830
48,1189,0,0.4502,0.2014,0.7573,0.7827
49,1189,0,0.4529,0.2010,0.7658,0.7829
50,1189,0,0.4560,0.2009,0.7756,0.7830
51,1189,0,0.4569,0.2011,0.7851,0.7832
52,1189,0,0.4583,0.2010,0.7915,0.7830
53,1189,0,0.4591,0.2008,0.7972,0.7833
54,1189,0,0.4596,0.2007,0.8061,0.7831
55,1189,0,0.4592,0.2008,0.8067,0.7833
56,1189,0,0.4586,0.2012,0.8063,0.7836
57,1189,0,0.4587,0.2015,0.8043,0.7836
58,1189,0,0.4595,0.2012,0.7933,0.7838
59,1189,0,0.4603,0.2012,0.7794,0.7836
60,1189,0,0.4611,0.2017,0.7684,0.7833
61,1189,0,0.4618,0.2016,0.7632,0.7836
62,1189,0,0.4615,0.2009,0.7616,0.7840
63,1189,0,0.4614,0.2002,0.7606,0.7838
64,1189,0,0.4610,0.2001,0.7615,0.7834
65,1189,0,0.4603,0.2006,0.7623,0.7837
66,1189,0,0.4602,0.2009,0.7627,0.7843
67,1189,0,0.4587,0.2007,0.7622,0.7842
68,1189,0,0.4579,0.2011,0.7622,0.7838
69,1189,0,0.4569,0.2013,0.7620,0.7833
70,1189,0,0.4550,0.2029,0.7608,0.7837
71,1189,0,0.4540,0.2016,0.7608,0.7837
72,1189,0,0.4529,0.2009,0.7605,0.7843
73,1189,0,0.4507,0.2005,0.7606,0.7841
74,1189,0,0.4492,0.2004,0.7603,0.7845
75,1189,0,0.4485,0.2004,0.7604,0.7849
76,1189,0,0.4459,0.2005,0.7595,0.7844
77,1189,0,0.4436,0.2001,0.7583,0.7853
78,1189,0,0.4441,0.1998,0.7582,0.7851
79,1189,0,0.4416,0.1996,0.7575,0.7844
80,1189,0,0.4388,0.1991,0.7559,0.7842
81,1189,0,0.4366,0.1992,0.7527,0.7818
82,1189,0,0.4346,0.1992,0.7501,0.7772
83,1189,0,0.4298,0.1997,0.7464,0.7730
84,1189,0,0.4128,0.2000,0.7422,0.7698
85,1189,0,0.3884,0.1998,0.7372,0.7665
86,1189,0,0.3644,0.2005,0.7322,0.7642
87,1189,0,0.3399,0.2007,0.7268,0.7607
88,1189,0,0.3255,0.2002,0.7205,0.7586
89,1189,0,0.3090,0.2005,0.7109,0.7567
90,1189,0,0.3032,0.2003,0.7024,0.7574
91,1189,0,0.3046,0.2001,0.6937,0.7579
92,1189,0,0.3094,0.2004,0.6854,0.7585
93,1189,0,0.3068,0.1993,0.6771,0.7599
94,1189,0,0.3079,0.1994,0.6695,0.7602
95,1189,0,0.3063,0.1992,0.6751,0.7593
96,1189,0,0.3058,0.1988,0.6953,0.7597
97,1189,0,0.3054,0.1986,0.7215,0.7588
98,1189,0,0.3061,0.1986,0.7490,0.7582
99,1189,0,0.3039,0.1985,0.7673,0.7583
100,1189,0,0.2995,0.1980,0.7654,0.7585
101,1189,0,0.2929,0.1972,0.7517,0.7588
102,1189,0,0.2866,0.1967,0.7351,0.7593
103,1189,0,0.2817,0.1962,0.7155,0.7592
104,1189,0,0.2797,0.1961,0.6926,0.7593
105,1189,0,0.2785,0.1962,0.6636,0.7585
106,1189,0,0.2759,0.1973,0.6351,0.7587
107,1189,0,0.2732,0.1983,0.6236,0.7581
108,1189,0,0.2651,0.1980,0.6184,0.7581
109,1189,0,0.2443,0.1978,0.6181,0.7584
110,1189,0,0.2197,0.1981,0.6178,0.7589
111,1189,0,0.2008,0.1982,0.6178,0.7587
112,1189,0,0.1873,0.1985,0.6169,0.7582
113,1189,0,0.1791,0.1991,0.6165,0.7577
114,1189,0,0.1740,0.1994,0.6166,0.7574
115,1189,0,0.1679,0.1995,0.6175,0.7567
116,1189,0,0.1609,0.1996,0.6189,0.7568
117,1189,0,0.1541,0.1997,0.6191,0.7563
118,1189,0,0.1493,0.1995,0.6173,0.7568
119,1189,0,0.1454,0.2004,0.6189,0.7555
120,1189,0,0.1447,0.2005,0.6168,0.7561
121,1189,0,0.1512,0.2012,0.6181,0.7553
122,1189,0,0.1607,0.2017,0.6187,0.7551
123,1189,0,0.1736,0.2022,0.6191,0.7551
124,1189,0,0.1927,0.2025,0.6191,0.7551
125,1189,0,0.2088,0.2026,0.6199,0.7551
126,1189,0,0.2217,0.2026,0.6199,0.7553
127,1189,0,0.2267,0.2028,0.6198,0.7556
128,1189,0,0.2249,0.2036,0.6203,0.7566
129,1189,0,0.2259,0.2034,0.6192,0.7572
130,1189,0,0.2285,0.2036,0.6187,0.7575
131,1189,0,0.2272,0.2034,0.6181,0.7577
132,1189,0,0.2257,0.2034,0.6182,0.7576
133,1189,0,0.2263,0.2032,0.6182,0.7573
134,1189,0,0.2289,0.2029,0.6180,0.7569
135,1189,0,0.2306,0.2029,0.6188,0.7554
136,1189,0,0.2315,0.2028,0.6193,0.7548
137,1189,0,0.2349,0.2022,0.6197,0.7548
138,1189,0,0.2359,0.2017,0.6206,0.7551
139,1189,0,0.2397,0.2014,0.6215,0.7551
140,1189,0,0.2441,0.2009,0.6214,0.7553
141,1189,0,0.2475,0.2010,0.6210,0.7556
142,1189,0,0.2499,0.2010,0.6213,0.7557
143,1189,0,0.2539,0.2013,0.6225,0.7552
144,1189,0,0.2573,0.2015,0.6223,0.7547
145,1189,0,0.2524,0.2019,0.6231,0.7548
146,1189,0,0.2467,0.2022,0.6241,0.7553
147,1189,0,0.2377,0.2028,0.6242,0.7554
148,1189,0,0.2288,0.2031,0.6235,0.7554
149,1189,0,0.2222,0.2033,0.6225,0.7555
150,1189,0,0.2156,0.2036,0.6226,0.7561
151,1189,0,0.2101,0.2036,0.6223,0.7561
152,1189,0,0.2078,0.2036,0.6224,0.7563
153,1189,0,0.2068,0.2035,0.6218,0.7562
154,1189,0,0.2081,0.2034,0.6214,0.7562
155,1189,0,0.2100,0.2033,0.6209,0.7559
156,1189,0,0.2121,0.2031,0.6209,0.7559
157,1189,0,0.2148,0.2030,0.6214,0.7560
158,1189,0,0.2173,0.2030,0.6219,0.7562
159,1189,0,0.2188,0.2031,0.6233,0.7563
160,1189,0,0.2192,0.2030,0.6236,0.7563
161,1189,0,0.2182,0.2025,0.6234,0.7563
162,1189,0,0.2159,0.2021,0.6201,0.7572
163,1189,0,0.2138,0.2019,0.6189,0.7576
164,1189,0,0.2118,0.2020,0.6185,0.7575
165,1189,0,0.2119,0.2016,0.6209,0.7571
166,1189,0,0.2105,0.2007,0.6222,0.7571
167,1189,0,0.2111,0.2007,0.6224,0.7572
168,1189,0,0.2099,0.2011,0.6210,0.7565
169,1189,0,0.2114,0.2012,0.6204,0.7564
170,1189,0,0.2135,0.2011,0.6203,0.7565
171,1189,0,0.2187,0.2009,0.6205,0.7565
172,1189,0,0.2234,0.2008,0.6206,0.7565
173,1189,0,0.2304,0.2006,0.6208,0.7566
174,1189,0,0.2367,0.2004,0.6211,0.7565
175,1189,0,0.2414,0.2002,0.6209,0.7566
176,1189,0,0.2436,0.2003,0.6215,0.7570
177,1189,0,0.2444,0.2003,0.6220,0.7573
178,1189,0,0.2443,0.2003,0.6222,0.7577
179,1189,0,0.2438,0.2000,0.6225,0.7579
180,1189,0,0.2428,0.2000,0.6223,0.7576
181,1189,0,0.2422,0.1996,0.6221,0.7576
182,1189,0,0.2416,0.1996,0.6216,0.7575
183,1189,0,0.2415,0.1994,0.6204,0.7572
184,1189,0,0.2426,0.1994,0.6199,0.7567
185,1189,0,0.2457,0.1990,0.6201,0.7567
186,1189,0,0.2485,0.1984,0.6202,0.7564
187,1189,0,0.2518,0.1979,0.6210,0.7566
188,1189,0,0.2564,0.1977,0.6214,0.7569
189,1189,0,0.2624,0.1975,0.6224,0.7570
190,1189,0,0.2664,0.1972,0.6233,0.7559
191,1189,0,0.2705,0.1972,0.6243,0.7556
192,1189,0,0.2748,0.1968,0.6263,0.7558
193,1189,0,0.2790,0.1966,0.6287,0.7562
194,1189,0,0.2846,0.1967,0.6310,0.7566
195,1189,0,0.2901,0.1967,0.6354,0.7570
196,1189,0,0.2950,0.1967,0.6400,0.7572
197,1189,0,0.2987,0.1966,0.6437,0.7571
198,1189,0,0.3011,0.1962,0.6458,0.7569
199,1189,0,0.3024,0.1958,0.6484,0.7570
200,1189,0,0.3029,0.1957,0.6514,0.7572
201,1189,0,0.3027,0.1955,0.6541,0.7571
202,1189,0,0.3029,0.1960,0.6584,0.7576
203,1189,0,0.3025,0.1960,0.6641,0.7576
204,1189,0,0.3026,0.1964,0.6706,0.7576
205,1189,0,0.3026,0.1969,0.6744,0.7577
206,1189,0,0.3020,0.1975,0.6777,0.7578
207,1189,0,0.3012,0.1975,0.6809,0.7578
208,1189,0,0.3008,0.1973,0.6833,0.7577
209,1189,0,0.3006,0.1972,0.6856,0.7576
210,1189,0,0.3008,0.1969,0.6864,0.7579
211,1189,0,0.3011,0.1970,0.6867,0.7583
212,1189,0,0.3010,0.1966,0.6866,0.7582
213,1189,0,0.3027,0.1977,0.6864,0.7586
214,1189,0,0.3032,0.1984,0.6864,0.7587
215,1189,0,0.3045,0.1984,0.6861,0.7586
216,1189,0,0.3051,0.1987,0.6862,0.7590
217,1189,0,0.3057,0.1992,0.6856,0.7590
218,1189,0,0.3059,0.1996,0.6860,0.7590
219,1189,0,0.3058,0.1993,0.6870,0.7587
220,1189,0,0.3061,0.1991,0.6894,0.7587
221,1189,0,0.3066,0.1991,0.6910,0.7583
222,1189,0,0.3063,0.1994,0.6937,0.7579
223,1189,0,0.3072,0.1994,0.6965,0.7578
224,1189,0,0.3084,0.1994,0.6999,0.7576
225,1189,0,0.3086,0.1992,0.7021,0.7575
226,1189,0,0.3102,0.1988,0.7046,0.7577
227,1189,0,0.3114,0.1985,0.7075,0.7576
228,1189,0,0.3122,0.1984,0.7113,0.7575
229,1189,0,0.3134,0.1983,0.7144,0.7574
230,1189,0,0.3138,0.1982,0.7164,0.7576
231,1189,0,0.3155,0.1981,0.7200,0.7575
232,1189,0,0.3185,0.1982,0.7216,0.7575
233,1189,0,0.3194,0.1983,0.7235,0.7574
234,1189,0,0.3206,0.1986,0.7257,0.7575
235,1189,0,0.3214,0.1985,0.7277,0.7574
236,1189,0,0.3221,0.1987,0.7285,0.7573
237,1189,0,0.3229,0.1991,0.7298,0.7572
238,1189,0,0.3257,0.1994,0.7327,0.7577
239,1189,0,0.3281,0.1996,0.7362,0.7576
240,1189,0,0.3300,0.2001,0.7389,0.7576
241,1189,0,0.3320,0.2003,0.7416,0.7578
242,1189,0,0.3330,0.2006,0.7437,0.7579
243,1189,0,0.3341,0.2009,0.7435,0.7577
244,1189,0,0.3346,0.2011,0.7428,0.7575
245,1189,0,0.3336,0.2001,0.7401,0.7563
246,1189,0,0.3338,0.1997,0.7388,0.7559
247,1189,0,0.3342,0.1995,0.7377,0.7563
248,1189,0,0.3342,0.1995,0.7377,0.7564
249,1189,0,0.3331,0.1996,0.7362,0.7566
250,1189,0,0.3330,0.1996,0.7361,0.7566
251,1189,0,0.3334,0.1995,0.7344,0.7564
252,1189,0,0.3342,0.1996,0.7313,0.7564
253,1189,0,0.3343,0.1997,0.7278,0.7563
254,1189,0,0.3348,0.1998,0.7241,0.7564
255,1189,0,0.3353,0.1999,0.7228,0.7564
256,1189,0,0.3341,0.2005,0.7248,0.7576
257,1189,0,0.3325,0.2006,0.7264,0.7579
258,1189,0,0.3319,0.2007,0.7277,0.7581
259,1189,0,0.3307,0.2007,0.7276,0.7582
260,1189,0,0.3303,0.2008,0.7261,0.7582
261,1189,0,0.3294,0.2009,0.7238,0.7587
262,1189,0,0.3284,0.2010,0.7221,0.7585
263,1189,0,0.3281,0.2010,0.7202,0.7582
264,1189,0,0.3276,0.2008,0.7187,0.7578
265,1189,0,0.3265,0.2009,0.7180,0.7578
266,1189,0,0.3249,0.2008,0.7166,0.7582
267,1189,0,0.3239,0.2007,0.7151,0.7588
268,1189,0,0.3236,0.2005,0.7133,0.7593
269,1189,0,0.3220,0.2003,0.7093,0.7592
270,1189,0,0.3215,0.2006,0.7064,0.7590
271,1189,0,0.3212,0.2007,0.7044,0.7588
272,1189,0,0.3209,0.2007,0.7026,0.7588
273,1189,0,0.3208,0.2008,0.7015,0.7593
274,1189,0,0.3216,0.2007,0.7005,0.7593
275,1189,0,0.3229,0.2011,0.6997,0.7586
276,1189,0,0.3232,0.2010,0.6983,0.7580
277,1189,0,0.3230,0.2010,0.6970,0.7579
278,1189,0,0.3231,0.2009,0.6975,0.7580
279,1189,0,0.3238,0.2009,0.6973,0.7578
280,1189,0,0.3236,0.2010,0.6964,0.7576
281,1189,0,0.3232,0.2009,0.6957,0.7575
282,1189,0,0.3228,0.2008,0.6936,0.7577
283,1189,0,0.3229,0.2008,0.6911,0.7575
284,1189,0,0.3231,0.2010,0.6916,0.7574
285,1189,0,0.3230,0.2010,0.6916,0.7576
286,1189,0,0.3227,0.2014,0.6885,0.7574
287,1189,0,0.3219,0.2010,0.6893,0.7586
288,1189,0,0.3219,0.2008,0.6921,0.7592
289,1189,0,0.3217,0.2007,0.6938,0.7594
290,1189,0,0.3219,0.2008,0.6933,0.7597
291,1189,0,0.3228,0.2007,0.6920,0.7595
292,1189,0,0.3235,0.2009,0.6913,0.7597
293,1189,0,0.3239,0.2011,0.6907,0.7596
294,1189,0,0.3239,0.2013,0.6904,0.7598
295,1189,0,0.3245,0.2013,0.6890,0.7598
296,1189,0,0.3253,0.2013,0.6886,0.7594
297,1189,0,0.3261,0.2015,0.6885,0.7591
298,1189,0,0.3264,0.2012,0.6873,0.7592
299,1189,0,0.3265,0.2010,0.6873,0.7591
300,1189,0,0.3270,0.2011,0.6855,0.7593
301,1189,0,0.3274,0.2009,0.6885,0.7590
302,1189,0,0.3276,0.2009,0.6876,0.7587
303,1189,0,0.3271,0.2008,0.6888,0.7590
304,1189,0,0.3269,0.2009,0.6927,0.7591
305,1189,0,0.3262,0.2008,0.6978,0.7592
306,1189,0,0.3250,0.2010,0.7027,0.7592
307,1189,0,0.3250,0.2013,0.7073,0.7594
308,1189,0,0.3244,0.2014,0.7113,0.7594
309,1189,0,0.3232,0.2016,0.7153,0.7595
310,1189,0,0.3219,0.2017,0.7142,0.7595
311,1189,0,0.3205,0.2015,0.7135,0.7596
312,1189,0,0.3184,0.2021,0.7073,0.7592
313,1189,0,0.3176,0.2016,0.6991,0.7598
314,1189,0,0.3156,0.2015,0.6943,0.7595
315,1189,0,0.3134,0.2015,0.6921,0.7594
316,1189,0,0.3121,0.2017,0.6918,0.7593
317,1189,0,0.3112,0.2019,0.6923,0.7595
318,1189,0,0.3099,0.2025,0.6923,0.7595
319,1189,0,0.3089,0.2023,0.6926,0.7595
320,1189,0,0.3085,0.2020,0.6922,0.7593
321,1189,0,0.3100,0.2021,0.6920,0.7591
322,1189,0,0.3103,0.2022,0.6921,0.7592
323,1189,0,0.3104,0.2023,0.6915,0.7590
324,1189,0,0.3119,0.2019,0.6912,0.7590
325,1189,0,0.3135,0.2021,0.6905,0.7590
