# resolution: 1080,1920
frame,track_id,class,x1_norm,y1_norm,x2_norm,y2_norm
0,705,0,0.2196,0.1331,0.7521,0.8698
1,705,0,0.2667,0.0918,0.6826,0.8655
2,705,0,0.2878,0.0892,0.6701,0.8807
3,705,0,0.2953,0.0864,0.6705,0.8877
4,705,0,0.2947,0.0887,0.6702,0.8886
5,705,0,0.2942,0.0895,0.6738,0.8895
6,705,0,0.2914,0.0719,0.6794,0.8833
7,705,0,0.2879,0.0659,0.6842,0.8790
8,705,0,0.2843,0.0634,0.6868,0.8772
9,705,0,0.2797,0.0615,0.6870,0.8763
10,705,0,0.2741,0.0632,0.6852,0.8761
11,705,0,0.2717,0.0756,0.6819,0.8877
12,705,0,0.2678,0.0698,0.6787,0.8830
13,705,0,0.2635,0.0686,0.6753,0.8810
14,705,0,0.2647,0.0679,0.6721,0.8816
15,705,0,0.2666,0.0688,0.6674,0.8812
16,705,0,0.2653,0.0690,0.6636,0.8807
17,705,0,0.2649,0.0687,0.6616,0.8794
18,705,0,0.2657,0.0829,0.6649,0.8880
19,705,0,0.2643,0.0737,0.6626,0.8813
20,705,0,0.2604,0.0706,0.6620,0.8798
21,705,0,0.2586,0.0690,0.6628,0.8782
22,705,0,0.2587,0.0684,0.6631,0.8788
23,705,0,0.2577,0.0664,0.6628,0.8776
24,705,0,0.2551,0.0762,0.6681,0.8864
25,705,0,0.2515,0.0814,0.6715,0.8896
26,705,0,0.2546,0.0876,0.6722,0.8909
27,705,0,0.2621,0.0812,0.6734,0.8815
28,705,0,0.2680,0.0780,0.6739,0.8777
29,705,0,0.2687,0.0858,0.6720,0.8858
30,705,0,0.2664,0.0814,0.6681,0.8805
31,705,0,0.2614,0.0860,0.6699,0.8875
32,705,0,0.2637,0.0872,0.6697,0.8895
33,705,0,0.2668,0.0879,0.6704,0.8905
34,705,0,0.2712,0.0882,0.6699,0.8902
35,705,0,0.2801,0.0887,0.6715,0.8908
36,705,0,0.2835,0.0870,0.6729,0.8922
37,705,0,0.2834,0.0864,0.6731,0.8915
38,705,0,0.2849,0.0872,0.6732,0.8904
39,705,0,0.2806,0.0859,0.6747,0.8899
40,705,0,0.2768,0.0858,0.6735,0.8896
41,705,0,0.2797,0.0876,0.6742,0.8891
42,705,0,0.2788,0.0894,0.6744,0.8900
43,705,0,0.2768,0.0905,0.6756,0.8895
44,705,0,0.2730,0.0922,0.6755,0.8899
45,705,0,0.2696,0.0909,0.6772,0.8898
46,705,0,0.2711,0.0893,0.6785,0.8908
47,705,0,0.2710,0.0885,0.6806,0.8919
48,705,0,0.2690,0.0889,0.6814,0.8922
49,705,0,0.2708,0.0884,0.6819,0.8921
50,705,0,0.2759,0.0875,0.6816,0.8924
51,705,0,0.2808,0.0859,0.6815,0.8929
52,705,0,0.2841,0.0857,0.6819,0.8922
53,705,0,0.2899,0.0844,0.6833,0.8927
54,705,0,0.2960,0.0838,0.6826,0.8931
55,705,0,0.2988,0.0839,0.6830,0.8935
56,705,0,0.2991,0.0842,0.6838,0.8934
57,705,0,0.3003,0.0846,0.6840,0.8939
58,705,0,0.3005,0.0846,0.6870,0.8940
59,705,0,0.2999,0.0853,0.6899,0.8946
60,705,0,0.2995,0.0821,0.6910,0.8939
61,705,0,0.2972,0.0847,0.6936,0.8931
62,705,0,0.2960,0.0851,0.6963,0.8910
63,705,0,0.2956,0.0862,0.6968,0.8895
64,705,0,0.2950,0.0851,0.6964,0.8903
65,705,0,0.2955,0.0860,0.6956,0.8903
66,705,0,0.2932,0.0845,0.6956,0.8890
67,705,0,0.2928,0.0857,0.6951,0.8897
68,705,0,0.2928,0.0872,0.6948,0.8909
69,705,0,0.2921,0.0875,0.6931,0.8920
70,705,0,0.2918,0.0856,0.6910,0.8933
71,705,0,0.2929,0.0845,0.6880,0.8960
72,705,0,0.2935,0.0832,0.6873,0.8951
73,705,0,0.2967,0.0834,0.6871,0.8956
74,705,0,0.3009,0.0842,0.6873,0.8953
75,705,0,0.3055,0.0854,0.6867,0.8947
76,705,0,0.3087,0.0869,0.6862,0.8950
77,705,0,0.3099,0.0877,0.6850,0.8954
78,705,0,0.3121,0.0879,0.6860,0.8955
79,705,0,0.3128,0.0868,0.6856,0.8944
80,705,0,0.3142,0.0869,0.6868,0.8953
81,705,0,0.3145,0.0861,0.6876,0.8943
82,705,0,0.3139,0.0852,0.6872,0.8935
83,705,0,0.3131,0.0845,0.6873,0.8935
84,705,0,0.3140,0.0846,0.6877,0.8958
85,705,0,0.3140,0.0847,0.6881,0.8961
86,705,0,0.3137,0.0790,0.6879,0.8852
87,705,0,0.3103,0.0835,0.6900,0.8911
88,705,0,0.3086,0.0863,0.6925,0.8949
89,705,0,0.3059,0.0871,0.6947,0.8968
90,705,0,0.3043,0.0861,0.6950,0.8970
91,705,0,0.3041,0.0833,0.6958,0.8971
92,705,0,0.3033,0.0816,0.6945,0.8973
93,705,0,0.3029,0.0801,0.6923,0.8964
94,705,0,0.3046,0.0782,0.6914,0.8951
95,705,0,0.3061,0.0781,0.6902,0.8947
96,705,0,0.3052,0.0784,0.6895,0.8980
97,705,0,0.3047,0.0793,0.6891,0.8978
98,705,0,0.3045,0.0806,0.6883,0.8977
99,705,0,0.3027,0.0789,0.6880,0.8969
100,705,0,0.3006,0.0800,0.6879,0.8949
101,705,0,0.2991,0.0787,0.6872,0.8931
102,705,0,0.2979,0.0791,0.6855,0.8931
103,705,0,0.2949,0.0807,0.6840,0.8964
104,705,0,0.2916,0.0818,0.6827,0.8982
105,705,0,0.2902,0.0821,0.6822,0.8983
106,705,0,0.2871,0.0832,0.6828,0.8944
107,705,0,0.2843,0.0850,0.6823,0.8951
108,705,0,0.2825,0.0855,0.6821,0.8948
109,705,0,0.2822,0.0846,0.6812,0.8954
110,705,0,0.2818,0.0839,0.6810,0.8954
111,705,0,0.2809,0.0831,0.6811,0.8958
112,705,0,0.2790,0.0826,0.6806,0.8956
113,705,0,0.2763,0.0821,0.6797,0.8951
114,705,0,0.2755,0.0834,0.6798,0.8949
115,705,0,0.2758,0.0844,0.6812,0.8960
116,705,0,0.2761,0.0849,0.6807,0.8959
117,705,0,0.2773,0.0866,0.6817,0.8957
118,705,0,0.2803,0.0855,0.6826,0.8957
119,705,0,0.2821,0.0843,0.6807,0.8958
120,705,0,0.2821,0.0842,0.6791,0.8962
121,705,0,0.2827,0.0843,0.6787,0.8952
122,705,0,0.2836,0.0840,0.6795,0.8955
123,705,0,0.2844,0.0832,0.6797,0.8965
124,705,0,0.2859,0.0836,0.6803,0.8968
125,705,0,0.2875,0.0836,0.6823,0.8966
126,705,0,0.2896,0.0828,0.6832,0.8973
127,705,0,0.2919,0.0822,0.6840,0.8969
128,705,0,0.2943,0.0803,0.6853,0.8965
129,705,0,0.2952,0.0806,0.6865,0.8931
130,705,0,0.2975,0.0815,0.6871,0.8913
131,705,0,0.2976,0.0815,0.6876,0.8894
132,705,0,0.2982,0.0812,0.6874,0.8887
133,705,0,0.2981,0.0813,0.6871,0.8884
134,705,0,0.2977,0.0812,0.6859,0.8888
135,705,0,0.2974,0.0802,0.6854,0.8879
136,705,0,0.2971,0.0808,0.6847,0.8866
137,705,0,0.2966,0.0807,0.6840,0.8874
138,705,0,0.2946,0.0809,0.6829,0.8876
139,705,0,0.2924,0.0788,0.6829,0.8894
140,705,0,0.2901,0.0778,0.6834,0.8909
141,705,0,0.2874,0.0785,0.6845,0.8932
142,705,0,0.2836,0.0790,0.6858,0.8955
143,705,0,0.2768,0.0792,0.6893,0.8952
144,705,0,0.2687,0.0780,0.6920,0.8950
145,705,0,0.2639,0.0785,0.6935,0.8950
146,705,0,0.2565,0.0706,0.6943,0.8813
147,705,0,0.2516,0.0730,0.6922,0.8864
148,705,0,0.2427,0.0692,0.6897,0.8906
149,705,0,0.2363,0.0687,0.6891,0.8919
150,705,0,0.2304,0.0671,0.6885,0.8812
151,705,0,0.2278,0.0681,0.6873,0.8879
152,705,0,0.2294,0.0641,0.6852,0.8902
153,705,0,0.2326,0.0646,0.6833,0.8907
154,705,0,0.2353,0.0640,0.6811,0.8902
155,705,0,0.2409,0.0636,0.6798,0.8902
156,705,0,0.2501,0.0701,0.6792,0.8895
157,705,0,0.2572,0.0724,0.6794,0.8890
158,705,0,0.2645,0.0749,0.6803,0.8903
159,705,0,0.2728,0.0737,0.6809,0.8920
160,705,0,0.2800,0.0746,0.6823,0.8919
161,705,0,0.2855,0.0734,0.6868,0.8916
162,705,0,0.2937,0.0739,0.6899,0.8912
163,705,0,0.2984,0.0734,0.6925,0.8906
164,705,0,0.3012,0.0730,0.6960,0.8906
165,705,0,0.3022,0.0723,0.7020,0.8902
166,705,0,0.3025,0.0745,0.7092,0.8902
167,705,0,0.3024,0.0752,0.7139,0.8899
168,705,0,0.3016,0.0760,0.7171,0.8898
169,705,0,0.3001,0.0765,0.7205,0.8902
170,705,0,0.2989,0.0761,0.7228,0.8898
171,705,0,0.2959,0.0760,0.7246,0.8891
172,705,0,0.2918,0.0791,0.7272,0.8894
173,705,0,0.2871,0.0811,0.7296,0.8901
174,705,0,0.2842,0.0727,0.7285,0.8802
175,705,0,0.2803,0.0699,0.7289,0.8753
176,705,0,0.2748,0.0700,0.7289,0.8749
177,705,0,0.2637,0.0696,0.7295,0.8747
178,705,0,0.2576,0.0682,0.7333,0.8761
179,705,0,0.2551,0.0775,0.7359,0.8827
180,705,0,0.2557,0.0839,0.7389,0.8858
181,705,0,0.2598,0.0738,0.7397,0.8822
182,705,0,0.2650,0.0692,0.7432,0.8808
183,705,0,0.2693,0.0671,0.7473,0.8807
184,705,0,0.2717,0.0665,0.7509,0.8813
185,705,0,0.2690,0.0673,0.7546,0.8812
186,705,0,0.2545,0.0772,0.7555,0.8860
187,705,0,0.2380,0.0741,0.7602,0.8891
188,705,0,0.2505,0.0687,0.7659,0.8870
189,705,0,0.2549,0.0660,0.7714,0.8863
190,705,0,0.2538,0.0651,0.7810,0.8837
191,705,0,0.2553,0.0648,0.7854,0.8828
192,705,0,0.2552,0.0641,0.7925,0.8820
193,705,0,0.2543,0.0649,0.7985,0.8831
194,705,0,0.2534,0.0651,0.8036,0.8845
195,705,0,0.2510,0.0661,0.8071,0.8854
196,705,0,0.2440,0.0656,0.8112,0.8844
197,705,0,0.2372,0.0660,0.8137,0.8853
198,705,0,0.2352,0.0663,0.8144,0.8876
199,705,0,0.2388,0.0658,0.8136,0.8886
200,705,0,0.2433,0.0655,0.8125,0.8890
201,705,0,0.2523,0.0642,0.8098,0.8817
202,705,0,0.2560,0.0636,0.8045,0.8786
203,705,0,0.2577,0.0637,0.7985,0.8771
204,705,0,0.2573,0.0647,0.7942,0.8761
205,705,0,0.2540,0.0680,0.7836,0.8858
206,705,0,0.2527,0.0670,0.7794,0.8805
207,705,0,0.2502,0.0671,0.7804,0.8834
208,705,0,0.2470,0.0681,0.7820,0.8848
209,705,0,0.2439,0.0686,0.7856,0.8845
210,705,0,0.2428,0.0680,0.7911,0.8853
211,705,0,0.2420,0.0673,0.7954,0.8845
212,705,0,0.2408,0.0661,0.7995,0.8850
213,705,0,0.2427,0.0658,0.8052,0.8844
214,705,0,0.2459,0.0660,0.8101,0.8855
215,705,0,0.2489,0.0635,0.8100,0.8854
216,705,0,0.2518,0.0600,0.8111,0.8814
217,705,0,0.2539,0.0583,0.8095,0.8789
218,705,0,0.2553,0.0590,0.8071,0.8796
219,705,0,0.2568,0.0569,0.8044,0.8807
220,705,0,0.2576,0.0554,0.7988,0.8754
221,705,0,0.2572,0.0549,0.7958,0.8795
222,705,0,0.2556,0.0545,0.7946,0.8763
223,705,0,0.2564,0.0509,0.7932,0.8710
224,705,0,0.2558,0.0493,0.7950,0.8628
225,705,0,0.2529,0.0474,0.7975,0.8577
226,705,0,0.2497,0.0475,0.8002,0.8545
227,705,0,0.2472,0.0459,0.8035,0.8471
228,705,0,0.2443,0.0442,0.8062,0.8432
229,705,0,0.2445,0.0424,0.8090,0.8451
230,705,0,0.2450,0.0447,0.8115,0.8464
231,705,0,0.2462,0.0447,0.8151,0.8474
232,705,0,0.2487,0.0414,0.8179,0.8485
233,705,0,0.2512,0.0402,0.8208,0.8491
234,705,0,0.2530,0.0398,0.8234,0.8494
235,705,0,0.2547,0.0389,0.8269,0.8497
236,705,0,0.2543,0.0411,0.8329,0.8484
237,705,0,0.2547,0.0428,0.8358,0.8492
238,705,0,0.2538,0.0447,0.8380,0.8510
239,705,0,0.2555,0.0458,0.8409,0.8509
240,705,0,0.2590,0.0464,0.8424,0.8509
241,705,0,0.2604,0.0463,0.8446,0.8517
242,705,0,0.2628,0.0447,0.8452,0.8530
243,705,0,0.2651,0.0442,0.8456,0.8527
244,705,0,0.2652,0.0421,0.8437,0.8525
245,705,0,0.2649,0.0418,0.8423,0.8512
246,705,0,0.2641,0.0427,0.8412,0.8531
247,705,0,0.2604,0.0429,0.8392,0.8551
248,705,0,0.2572,0.0433,0.8380,0.8581
249,705,0,0.2544,0.0426,0.8377,0.8598
250,705,0,0.2515,0.0509,0.8371,0.8542
251,705,0,0.2492,0.0547,0.8344,0.8525
252,705,0,0.2481,0.0574,0.8304,0.8517
253,705,0,0.2506,0.0461,0.8281,0.8577
254,705,0,0.2551,0.0464,0.8263,0.8537
255,705,0,0.2582,0.0466,0.8250,0.8531
256,705,0,0.2616,0.0426,0.8241,0.8520
257,705,0,0.2647,0.0379,0.8238,0.8531
258,705,0,0.2662,0.0363,0.8224,0.8531
259,705,0,0.2690,0.0393,0.8220,0.8529
260,705,0,0.2700,0.0398,0.8225,0.8541
261,705,0,0.2693,0.0415,0.8229,0.8545
262,705,0,0.2663,0.0416,0.8227,0.8533
263,705,0,0.2655,0.0413,0.8215,0.8525
264,705,0,0.2634,0.0403,0.8205,0.8518
265,705,0,0.2621,0.0413,0.8187,0.8520
266,705,0,0.2635,0.0449,0.8159,0.8523
267,705,0,0.2660,0.0475,0.8136,0.8524
268,705,0,0.2664,0.0446,0.8121,0.8528
269,705,0,0.2657,0.0428,0.8106,0.8522
270,705,0,0.2663,0.0415,0.8102,0.8520
271,705,0,0.2656,0.0430,0.8104,0.8519
272,705,0,0.2674,0.0464,0.8113,0.8518
273,705,0,0.2688,0.0456,0.8120,0.8519
274,705,0,0.2693,0.0444,0.8130,0.8535
275,705,0,0.2778,0.0464,0.8138,0.8565
276,705,0,0.2775,0.0475,0.8144,0.8582
277,705,0,0.2784,0.0475,0.8144,0.8577
278,705,0,0.2721,0.0420,0.8135,0.8543
279,705,0,0.2683,0.0393,0.8134,0.8533
280,705,0,0.2675,0.0366,0.8135,0.8527
281,705,0,0.2678,0.0365,0.8137,0.8522
282,705,0,0.2680,0.0374,0.8140,0.8522
283,705,0,0.2672,0.0370,0.8141,0.8521
284,705,0,0.2675,0.0373,0.8144,0.8519
285,705,0,0.2683,0.0377,0.8150,0.8522
286,705,0,0.2681,0.0389,0.8156,0.8522
287,705,0,0.2694,0.0385,0.8163,0.8526
288,705,0,0.2700,0.0380,0.8165,0.8530
289,705,0,0.2741,0.0426,0.8175,0.8546
290,705,0,0.2763,0.0446,0.8176,0.8549
291,705,0,0.2708,0.0401,0.8163,0.8531
292,705,0,0.2693,0.0387,0.8154,0.8529
293,705,0,0.2683,0.0392,0.8146,0.8528
294,705,0,0.2676,0.0369,0.8138,0.8529
295,705,0,0.2670,0.0362,0.8135,0.8529
296,705,0,0.2666,0.0363,0.8138,0.8521
297,705,0,0.2662,0.0370,0.8147,0.8520
298,705,0,0.2669,0.0365,0.8159,0.8526
299,705,0,0.2680,0.0375,0.8175,0.8530
300,705,0,0.2682,0.0385,0.8198,0.8538
