# resolution: 1080,1920
frame,track_id,class,x1_norm,y1_norm,x2_norm,y2_norm
0,1,0,0.2589,0.3625,0.7776,0.8196
1,1,0,0.2616,0.3627,0.7784,0.8196
2,1,0,0.2615,0.3627,0.7791,0.8199
3,1,0,0.2600,0.3629,0.7787,0.8197
4,1,0,0.2589,0.3626,0.7790,0.8200
5,1,0,0.2555,0.3625,0.7800,0.8201
6,1,0,0.2489,0.3633,0.7792,0.8201
7,1,0,0.2497,0.3625,0.7806,0.8196
8,1,0,0.2420,0.3635,0.7785,0.8195
9,1,0,0.2426,0.3626,0.7797,0.8196
10,1,0,0.2430,0.3636,0.7775,0.8195
11,1,0,0.2429,0.3641,0.7768,0.8195
12,1,0,0.2405,0.3641,0.7762,0.8195
13,1,0,0.2400,0.3641,0.7762,0.8196
14,1,0,0.2329,0.3642,0.7758,0.8190
15,1,0,0.2268,0.3645,0.7747,0.8188
16,1,0,0.2289,0.3646,0.7749,0.8187
17,1,0,0.2361,0.3643,0.7750,0.8192
18,1,0,0.2401,0.3642,0.7750,0.8196
19,1,0,0.2438,0.3642,0.7750,0.8197
20,1,0,0.2409,0.3640,0.7758,0.8199
21,1,0,0.2412,0.3639,0.7754,0.8198
22,1,0,0.2400,0.3638,0.7754,0.8197
23,1,0,0.2376,0.3639,0.7758,0.8194
24,1,0,0.2344,0.3637,0.7752,0.8192
25,1,0,0.2341,0.3635,0.7749,0.8196
26,1,0,0.2367,0.3636,0.7752,0.8196
27,1,0,0.2356,0.3633,0.7757,0.8198
28,1,0,0.2391,0.3632,0.7756,0.8195
29,1,0,0.2373,0.3633,0.7758,0.8194
30,1,0,0.2354,0.3632,0.7768,0.8193
31,1,0,0.2335,0.3634,0.7763,0.8192
32,1,0,0.2329,0.3635,0.7761,0.8193
33,1,0,0.2308,0.3636,0.7754,0.8197
34,1,0,0.2302,0.3636,0.7756,0.8195
35,1,0,0.2291,0.3637,0.7761,0.8194
36,1,0,0.2284,0.3636,0.7760,0.8193
37,1,0,0.2280,0.3636,0.7765,0.8194
38,1,0,0.2284,0.3636,0.7764,0.8190
39,1,0,0.2280,0.3638,0.7760,0.8188
40,1,0,0.2304,0.3639,0.7757,0.8191
41,1,0,0.2291,0.3638,0.7760,0.8189
42,1,0,0.2341,0.3636,0.7758,0.8193
43,1,0,0.2347,0.3634,0.7763,0.8196
44,1,0,0.2337,0.3636,0.7760,0.8195
45,1,0,0.2319,0.3640,0.7763,0.8193
46,1,0,0.2273,0.3640,0.7764,0.8191
47,1,0,0.2270,0.3639,0.7759,0.8190
48,1,0,0.2315,0.3638,0.7756,0.8194
49,1,0,0.2394,0.3639,0.7756,0.8197
50,1,0,0.2360,0.3637,0.7764,0.8200
51,1,0,0.2302,0.3637,0.7761,0.8199
52,1,0,0.2353,0.3637,0.7762,0.8200
53,1,0,0.2329,0.3637,0.7758,0.8197
54,1,0,0.2210,0.3628,0.7755,0.8197
55,1,0,0.2290,0.3631,0.7754,0.8197
56,1,0,0.2249,0.3634,0.7755,0.8198
57,1,0,0.2304,0.3632,0.7756,0.8201
58,1,0,0.2341,0.3634,0.7760,0.8202
59,1,0,0.2347,0.3636,0.7756,0.8203
60,1,0,0.2322,0.3637,0.7753,0.8199
61,1,0,0.2302,0.3637,0.7751,0.8198
62,1,0,0.2293,0.3637,0.7755,0.8200
63,1,0,0.2281,0.3639,0.7755,0.8201
64,1,0,0.2289,0.3638,0.7758,0.8202
65,1,0,0.2327,0.3637,0.7758,0.8202
66,1,0,0.2338,0.3639,0.7763,0.8202
67,1,0,0.2319,0.3636,0.7757,0.8201
68,1,0,0.2323,0.3634,0.7756,0.8199
69,1,0,0.2249,0.3632,0.7757,0.8196
70,1,0,0.2241,0.3633,0.7757,0.8194
71,1,0,0.2228,0.3637,0.7747,0.8196
72,1,0,0.2176,0.3638,0.7736,0.8196
73,1,0,0.2196,0.3637,0.7736,0.8197
74,1,0,0.2205,0.3635,0.7738,0.8199
75,1,0,0.2250,0.3634,0.7746,0.8199
76,1,0,0.2260,0.3636,0.7749,0.8197
77,1,0,0.2254,0.3635,0.7751,0.8196
78,1,0,0.2254,0.3633,0.7743,0.8194
79,1,0,0.2264,0.3632,0.7741,0.8194
80,1,0,0.2249,0.3635,0.7735,0.8196
81,1,0,0.2254,0.3637,0.7731,0.8196
82,1,0,0.2216,0.3637,0.7729,0.8195
83,1,0,0.2268,0.3636,0.7734,0.8195
84,1,0,0.2287,0.3633,0.7735,0.8191
85,1,0,0.2257,0.3631,0.7735,0.8187
86,1,0,0.2241,0.3634,0.7739,0.8191
87,1,0,0.2249,0.3635,0.7734,0.8195
88,1,0,0.2303,0.3638,0.7737,0.8197
89,1,0,0.2250,0.3635,0.7738,0.8197
90,1,0,0.2269,0.3633,0.7736,0.8193
91,1,0,0.2253,0.3632,0.7733,0.8186
92,1,0,0.2268,0.3631,0.7737,0.8184
93,1,0,0.2253,0.3630,0.7737,0.8185
94,1,0,0.2293,0.3633,0.7743,0.8192
95,1,0,0.2352,0.3634,0.7747,0.8196
96,1,0,0.2364,0.3636,0.7746,0.8199
97,1,0,0.2310,0.3637,0.7746,0.8199
98,1,0,0.2288,0.3636,0.7744,0.8195
99,1,0,0.2275,0.3637,0.7741,0.8191
100,1,0,0.2254,0.3637,0.7742,0.8188
101,1,0,0.2286,0.3637,0.7734,0.8192
102,1,0,0.2254,0.3639,0.7734,0.8195
103,1,0,0.2340,0.3641,0.7736,0.8197
104,1,0,0.2324,0.3642,0.7740,0.8198
105,1,0,0.2371,0.3643,0.7740,0.8199
106,1,0,0.2397,0.3641,0.7739,0.8201
107,1,0,0.2355,0.3637,0.7739,0.8196
108,1,0,0.2331,0.3636,0.7740,0.8197
109,1,0,0.2375,0.3639,0.7736,0.8196
110,1,0,0.2332,0.3641,0.7733,0.8196
111,1,0,0.2328,0.3641,0.7734,0.8197
112,1,0,0.2320,0.3641,0.7734,0.8199
113,1,0,0.2311,0.3639,0.7739,0.8200
114,1,0,0.2317,0.3637,0.7740,0.8201
115,1,0,0.2317,0.3635,0.7746,0.8201
116,1,0,0.2294,0.3635,0.7749,0.8200
117,1,0,0.2280,0.3636,0.7744,0.8200
118,1,0,0.2291,0.3637,0.7745,0.8201
119,1,0,0.2303,0.3638,0.7743,0.8200
120,1,0,0.2282,0.3636,0.7747,0.8202
121,1,0,0.2287,0.3633,0.7745,0.8201
122,1,0,0.2248,0.3634,0.7744,0.8200
123,1,0,0.2264,0.3636,0.7747,0.8200
124,1,0,0.2243,0.3637,0.7747,0.8202
125,1,0,0.2266,0.3638,0.7742,0.8201
126,1,0,0.2265,0.3640,0.7740,0.8198
127,1,0,0.2247,0.3641,0.7736,0.8201
128,1,0,0.2253,0.3642,0.7733,0.8199
129,1,0,0.2264,0.3640,0.7731,0.8196
130,1,0,0.2335,0.3638,0.7729,0.8194
131,1,0,0.2371,0.3640,0.7726,0.8198
132,1,0,0.2353,0.3639,0.7731,0.8201
133,1,0,0.2334,0.3639,0.7738,0.8201
134,1,0,0.2297,0.3637,0.7739,0.8202
135,1,0,0.2389,0.3638,0.7732,0.8198
136,1,0,0.2433,0.3639,0.7727,0.8199
137,1,0,0.2386,0.3637,0.7728,0.8198
138,1,0,0.2370,0.3637,0.7728,0.8196
139,1,0,0.2388,0.3639,0.7720,0.8191
140,1,0,0.2276,0.3637,0.7731,0.8196
141,1,0,0.2237,0.3640,0.7737,0.8196
142,1,0,0.2314,0.3642,0.7728,0.8198
143,1,0,0.2295,0.3638,0.7736,0.8196
144,1,0,0.2350,0.3638,0.7749,0.8196
145,1,0,0.2330,0.3637,0.7752,0.8194
146,1,0,0.2321,0.3636,0.7750,0.8193
147,1,0,0.2247,0.3638,0.7745,0.8196
148,1,0,0.2315,0.3640,0.7743,0.8196
149,1,0,0.2328,0.3642,0.7742,0.8199
150,1,0,0.2351,0.3642,0.7738,0.8201
151,1,0,0.2392,0.3640,0.7745,0.8200
152,1,0,0.2444,0.3629,0.7744,0.8205
153,1,0,0.2400,0.3625,0.7747,0.8204
154,1,0,0.2402,0.3633,0.7753,0.8204
155,1,0,0.2461,0.3640,0.7752,0.8201
156,1,0,0.2462,0.3644,0.7761,0.8201
157,1,0,0.2397,0.3641,0.7752,0.8202
158,1,0,0.2374,0.3640,0.7741,0.8200
159,1,0,0.2398,0.3639,0.7743,0.8200
160,1,0,0.2402,0.3638,0.7752,0.8200
161,1,0,0.2351,0.3641,0.7750,0.8199
162,1,0,0.2349,0.3642,0.7735,0.8196
163,1,0,0.2377,0.3643,0.7738,0.8194
164,1,0,0.2402,0.3641,0.7737,0.8195
165,1,0,0.2384,0.3638,0.7737,0.8198
166,1,0,0.2419,0.3636,0.7746,0.8201
167,1,0,0.2391,0.3634,0.7752,0.8203
168,1,0,0.2358,0.3632,0.7751,0.8203
169,1,0,0.2395,0.3634,0.7740,0.8203
170,1,0,0.2434,0.3634,0.7741,0.8198
171,1,0,0.2425,0.3634,0.7739,0.8197
172,1,0,0.2340,0.3634,0.7733,0.8199
173,1,0,0.2401,0.3635,0.7727,0.8199
174,1,0,0.2433,0.3634,0.7729,0.8201
175,1,0,0.2421,0.3632,0.7740,0.8202
176,1,0,0.2452,0.3635,0.7739,0.8204
177,1,0,0.2415,0.3633,0.7739,0.8203
178,1,0,0.2335,0.3626,0.7741,0.8203
179,1,0,0.2320,0.3627,0.7738,0.8202
180,1,0,0.2360,0.3629,0.7738,0.8201
181,1,0,0.2372,0.3627,0.7746,0.8202
182,1,0,0.2313,0.3628,0.7745,0.8203
183,1,0,0.2213,0.3622,0.7736,0.8203
184,1,0,0.2256,0.3629,0.7735,0.8204
185,1,0,0.2333,0.3631,0.7737,0.8202
186,1,0,0.2354,0.3633,0.7740,0.8202
187,1,0,0.2310,0.3634,0.7737,0.8202
188,1,0,0.2289,0.3633,0.7741,0.8202
189,1,0,0.2305,0.3633,0.7737,0.8200
190,1,0,0.2318,0.3634,0.7742,0.8200
191,1,0,0.2345,0.3635,0.7738,0.8200
192,1,0,0.2347,0.3633,0.7735,0.8202
193,1,0,0.2360,0.3633,0.7737,0.8203
194,1,0,0.2288,0.3634,0.7739,0.8203
195,1,0,0.2293,0.3634,0.7740,0.8202
196,1,0,0.2334,0.3633,0.7739,0.8203
197,1,0,0.2306,0.3635,0.7741,0.8203
198,1,0,0.2269,0.3635,0.7743,0.8201
199,1,0,0.2287,0.3635,0.7744,0.8203
200,1,0,0.2294,0.3636,0.7748,0.8204
201,1,0,0.2348,0.3637,0.7746,0.8204
202,1,0,0.2341,0.3634,0.7741,0.8206
203,1,0,0.2336,0.3634,0.7736,0.8204
204,1,0,0.2388,0.3633,0.7744,0.8203
205,1,0,0.2371,0.3628,0.7744,0.8204
206,1,0,0.2360,0.3635,0.7741,0.8203
207,1,0,0.2335,0.3635,0.7741,0.8202
208,1,0,0.2382,0.3638,0.7742,0.8202
209,1,0,0.2339,0.3635,0.7742,0.8203
210,1,0,0.2316,0.3634,0.7742,0.8201
211,1,0,0.2314,0.3635,0.7743,0.8199
212,1,0,0.2333,0.3634,0.7745,0.8198
213,1,0,0.2345,0.3635,0.7739,0.8198
214,1,0,0.2320,0.3635,0.7743,0.8200
215,1,0,0.2387,0.3637,0.7747,0.8200
216,1,0,0.2404,0.3638,0.7746,0.8200
217,1,0,0.2313,0.3638,0.7743,0.8199
218,1,0,0.2347,0.3637,0.7745,0.8198
219,1,0,0.2389,0.3636,0.7751,0.8200
220,1,0,0.2399,0.3635,0.7756,0.8201
221,1,0,0.2332,0.3634,0.7757,0.8201
222,1,0,0.2344,0.3637,0.7752,0.8201
223,1,0,0.2369,0.3640,0.7748,0.8200
224,1,0,0.2369,0.3641,0.7750,0.8203
225,1,0,0.2427,0.3639,0.7756,0.8203
226,1,0,0.2435,0.3636,0.7765,0.8204
227,1,0,0.2404,0.3637,0.7774,0.8204
228,1,0,0.2410,0.3639,0.7775,0.8205
229,1,0,0.2379,0.3637,0.7763,0.8204
230,1,0,0.2448,0.3639,0.7754,0.8204
231,1,0,0.2467,0.3640,0.7744,0.8204
232,1,0,0.2391,0.3638,0.7749,0.8204
233,1,0,0.2391,0.3639,0.7744,0.8201
234,1,0,0.2411,0.3639,0.7747,0.8200
235,1,0,0.2430,0.3640,0.7746,0.8200
236,1,0,0.2385,0.3641,0.7753,0.8200
237,1,0,0.2300,0.3639,0.7749,0.8202
238,1,0,0.2314,0.3640,0.7753,0.8202
239,1,0,0.2401,0.3643,0.7750,0.8205
240,1,0,0.2497,0.3634,0.7739,0.8205
241,1,0,0.2382,0.3636,0.7750,0.8201
242,1,0,0.2264,0.3638,0.7749,0.8198
243,1,0,0.2246,0.3641,0.7745,0.8198
244,1,0,0.2267,0.3641,0.7750,0.8202
245,1,0,0.2262,0.3642,0.7757,0.8202
246,1,0,0.2262,0.3643,0.7758,0.8204
247,1,0,0.2277,0.3642,0.7757,0.8205
248,1,0,0.2335,0.3640,0.7763,0.8204
249,1,0,0.2309,0.3639,0.7764,0.8200
250,1,0,0.2354,0.3643,0.7767,0.8202
251,1,0,0.2325,0.3644,0.7766,0.8203
252,1,0,0.2309,0.3643,0.7764,0.8204
253,1,0,0.2286,0.3644,0.7755,0.8203
254,1,0,0.2247,0.3642,0.7754,0.8202
255,1,0,0.2314,0.3640,0.7753,0.8200
256,1,0,0.2307,0.3638,0.7750,0.8202
257,1,0,0.2297,0.3638,0.7743,0.8200
258,1,0,0.2308,0.3640,0.7740,0.8202
259,1,0,0.2265,0.3641,0.7744,0.8203
260,1,0,0.2268,0.3642,0.7744,0.8203
261,1,0,0.2293,0.3643,0.7743,0.8204
262,1,0,0.2249,0.3640,0.7742,0.8206
263,1,0,0.2331,0.3638,0.7747,0.8203
264,1,0,0.2296,0.3629,0.7738,0.8206
265,1,0,0.2314,0.3636,0.7750,0.8204
266,1,0,0.2348,0.3638,0.7749,0.8203
267,1,0,0.2310,0.3639,0.7750,0.8204
268,1,0,0.2368,0.3643,0.7750,0.8204
269,1,0,0.2319,0.3644,0.7749,0.8205
270,1,0,0.2317,0.3644,0.7748,0.8201
271,1,0,0.2353,0.3642,0.7746,0.8199
272,1,0,0.2311,0.3639,0.7747,0.8200
273,1,0,0.2306,0.3638,0.7742,0.8201
274,1,0,0.2230,0.3636,0.7747,0.8201
275,1,0,0.2264,0.3637,0.7749,0.8201
276,1,0,0.2302,0.3638,0.7748,0.8200
277,1,0,0.2257,0.3637,0.7749,0.8202
278,1,0,0.2340,0.3635,0.7745,0.8200
279,1,0,0.2301,0.3636,0.7757,0.8197
280,1,0,0.2276,0.3638,0.7761,0.8198
281,1,0,0.2276,0.3639,0.7754,0.8199
282,1,0,0.2242,0.3641,0.7747,0.8199
283,1,0,0.2337,0.3642,0.7747,0.8200
284,1,0,0.2361,0.3640,0.7745,0.8201
285,1,0,0.2352,0.3636,0.7743,0.8200
286,1,0,0.2349,0.3631,0.7746,0.8200
287,1,0,0.2263,0.3632,0.7744,0.8198
288,1,0,0.2213,0.3633,0.7745,0.8198
289,1,0,0.2235,0.3634,0.7752,0.8200
290,1,0,0.2294,0.3635,0.7747,0.8200
291,1,0,0.2334,0.3636,0.7740,0.8201
292,1,0,0.2307,0.3638,0.7740,0.8202
293,1,0,0.2412,0.3637,0.7750,0.8201
294,1,0,0.2399,0.3628,0.7749,0.8205
295,1,0,0.2370,0.3631,0.7753,0.8203
296,1,0,0.2365,0.3634,0.7763,0.8204
297,1,0,0.2344,0.3635,0.7763,0.8204
298,1,0,0.2392,0.3636,0.7766,0.8203
299,1,0,0.2431,0.3636,0.7761,0.8202
300,1,0,0.2403,0.3634,0.7756,0.8205
