# resolution: 1080,1920
frame,track_id,class,x1_norm,y1_norm,x2_norm,y2_norm
0,1265,0,0.3597,0.2378,0.6873,0.8150
1,1265,0,0.3742,0.2499,0.6881,0.8097
2,1265,0,0.3780,0.2526,0.6878,0.8070
3,1265,0,0.3793,0.2525,0.6871,0.8053
4,1265,0,0.3803,0.2511,0.6877,0.8030
5,1265,0,0.3822,0.2487,0.6899,0.8013
6,1265,0,0.3867,0.2467,0.6956,0.7992
7,1265,0,0.3911,0.2453,0.7015,0.7973
8,1265,0,0.3973,0.2434,0.7092,0.7965
9,1265,0,0.4057,0.2423,0.7186,0.7952
10,1265,0,0.4144,0.2417,0.7277,0.7942
11,1265,0,0.4232,0.2390,0.7350,0.7926
11,1451,0,0.2463,0.2766,0.2919,0.3179
12,1265,0,0.4271,0.2380,0.7405,0.7916
13,1265,0,0.4295,0.2375,0.7440,0.7912
13,1451,0,0.2536,0.2719,0.2942,0.3136
14,1265,0,0.4277,0.2383,0.7448,0.7924
15,1265,0,0.4212,0.2413,0.7419,0.7946
16,1265,0,0.4305,0.2420,0.7492,0.7950
16,1451,0,0.2527,0.2730,0.2965,0.3167
17,1265,0,0.4297,0.2456,0.7503,0.7968
18,1265,0,0.4170,0.2508,0.7408,0.8012
19,1265,0,0.4032,0.2556,0.7279,0.8056
20,1265,0,0.3854,0.2602,0.7114,0.8124
21,1265,0,0.3662,0.2623,0.6956,0.8152
22,1265,0,0.3549,0.2627,0.6825,0.8173
23,1265,0,0.3468,0.2612,0.6718,0.8178
24,1265,0,0.3414,0.2579,0.6649,0.8172
25,1265,0,0.3472,0.2535,0.6641,0.8133
26,1265,0,0.3456,0.2501,0.6631,0.8090
27,1265,0,0.3426,0.2476,0.6610,0.8051
28,1265,0,0.3400,0.2449,0.6584,0.8010
29,1265,0,0.3378,0.2426,0.6563,0.7976
30,1265,0,0.3362,0.2395,0.6557,0.7944
31,1265,0,0.3356,0.2375,0.6548,0.7930
32,1265,0,0.3347,0.2360,0.6534,0.7921
33,1265,0,0.3330,0.2340,0.6522,0.7910
34,1265,0,0.3327,0.2332,0.6531,0.7904
35,1265,0,0.3319,0.2334,0.6538,0.7904
36,1265,0,0.3321,0.2343,0.6535,0.7905
37,1265,0,0.3321,0.2357,0.6525,0.7906
38,1265,0,0.3328,0.2367,0.6512,0.7910
39,1265,0,0.3327,0.2374,0.6493,0.7910
40,1265,0,0.3305,0.2377,0.6480,0.7911
41,1265,0,0.3282,0.2378,0.6475,0.7910
42,1265,0,0.3276,0.2375,0.6467,0.7907
43,1265,0,0.3288,0.2373,0.6467,0.7903
44,1265,0,0.3299,0.2372,0.6474,0.7899
45,1265,0,0.3284,0.2367,0.6480,0.7896
46,1265,0,0.3287,0.2363,0.6482,0.7897
47,1265,0,0.3269,0.2358,0.6495,0.7894
47,1451,0,0.0868,0.2753,0.1364,0.3210
48,1265,0,0.3271,0.2351,0.6516,0.7894
49,1265,0,0.3260,0.2346,0.6536,0.7894
49,1451,0,0.0798,0.2764,0.1318,0.3209
50,1265,0,0.3259,0.2346,0.6547,0.7894
51,1265,0,0.3257,0.2346,0.6549,0.7894
52,1265,0,0.3259,0.2350,0.6543,0.7893
53,1265,0,0.3269,0.2360,0.6517,0.7891
54,1265,0,0.3278,0.2368,0.6499,0.7892
55,1265,0,0.3289,0.2373,0.6491,0.7895
56,1265,0,0.3295,0.2376,0.6488,0.7895
57,1265,0,0.3292,0.2374,0.6503,0.7897
58,1265,0,0.3296,0.2377,0.6514,0.7897
59,1265,0,0.3286,0.2376,0.6523,0.7900
60,1265,0,0.3275,0.2371,0.6538,0.7903
61,1265,0,0.3287,0.2368,0.6554,0.7901
62,1265,0,0.3288,0.2370,0.6578,0.7908
63,1265,0,0.3297,0.2373,0.6582,0.7910
64,1265,0,0.3319,0.2376,0.6574,0.7911
65,1265,0,0.3334,0.2379,0.6574,0.7907
66,1265,0,0.3340,0.2384,0.6557,0.7907
67,1265,0,0.3335,0.2392,0.6550,0.7904
68,1265,0,0.3343,0.2400,0.6553,0.7900
69,1265,0,0.3352,0.2409,0.6560,0.7897
70,1265,0,0.3360,0.2415,0.6571,0.7899
71,1265,0,0.3368,0.2414,0.6584,0.7901
72,1265,0,0.3379,0.2414,0.6595,0.7901
73,1265,0,0.3378,0.2416,0.6606,0.7906
74,1265,0,0.3381,0.2417,0.6616,0.7909
75,1265,0,0.3375,0.2415,0.6625,0.7918
76,1265,0,0.3373,0.2413,0.6630,0.7923
77,1265,0,0.3374,0.2415,0.6631,0.7924
78,1265,0,0.3376,0.2415,0.6627,0.7926
79,1265,0,0.3384,0.2424,0.6617,0.7919
80,1265,0,0.3374,0.2426,0.6601,0.7927
81,1265,0,0.3375,0.2424,0.6600,0.7929
82,1265,0,0.3376,0.2424,0.6598,0.7930
83,1265,0,0.3379,0.2420,0.6607,0.7933
84,1265,0,0.3383,0.2421,0.6619,0.7932
85,1265,0,0.3383,0.2425,0.6628,0.7931
86,1265,0,0.3376,0.2429,0.6646,0.7931
87,1265,0,0.3381,0.2429,0.6648,0.7925
88,1265,0,0.3385,0.2431,0.6652,0.7924
89,1265,0,0.3383,0.2433,0.6650,0.7923
90,1265,0,0.3382,0.2432,0.6644,0.7922
91,1265,0,0.3378,0.2432,0.6636,0.7923
92,1265,0,0.3397,0.2431,0.6628,0.7925
93,1265,0,0.3418,0.2430,0.6626,0.7926
94,1265,0,0.3433,0.2430,0.6627,0.7926
95,1265,0,0.3445,0.2429,0.6628,0.7922
96,1265,0,0.3449,0.2427,0.6632,0.7924
97,1265,0,0.3452,0.2425,0.6640,0.7927
98,1265,0,0.3438,0.2426,0.6648,0.7926
99,1265,0,0.3452,0.2426,0.6654,0.7932
100,1265,0,0.3471,0.2423,0.6666,0.7934
101,1265,0,0.3483,0.2422,0.6672,0.7936
102,1265,0,0.3490,0.2424,0.6680,0.7935
103,1265,0,0.3503,0.2425,0.6674,0.7933
104,1265,0,0.3508,0.2426,0.6672,0.7933
105,1265,0,0.3522,0.2427,0.6665,0.7932
106,1265,0,0.3533,0.2427,0.6660,0.7928
107,1265,0,0.3543,0.2425,0.6659,0.7928
108,1265,0,0.3531,0.2422,0.6673,0.7918
109,1265,0,0.3532,0.2422,0.6688,0.7915
110,1265,0,0.3532,0.2422,0.6691,0.7927
111,1265,0,0.3531,0.2421,0.6702,0.7923
112,1265,0,0.3537,0.2427,0.6701,0.7929
113,1265,0,0.3541,0.2429,0.6702,0.7932
114,1265,0,0.3532,0.2429,0.6706,0.7921
115,1265,0,0.3536,0.2434,0.6690,0.7926
116,1265,0,0.3533,0.2439,0.6677,0.7930
117,1265,0,0.3536,0.2441,0.6661,0.7933
118,1265,0,0.3540,0.2440,0.6655,0.7923
119,1265,0,0.3545,0.2439,0.6654,0.7913
120,1265,0,0.3544,0.2436,0.6651,0.7909
121,1265,0,0.3544,0.2435,0.6649,0.7906
122,1265,0,0.3533,0.2434,0.6654,0.7902
123,1265,0,0.3530,0.2432,0.6659,0.7900
124,1265,0,0.3516,0.2429,0.6657,0.7898
125,1265,0,0.3504,0.2426,0.6660,0.7898
126,1265,0,0.3496,0.2426,0.6662,0.7898
127,1265,0,0.3487,0.2425,0.6661,0.7898
128,1265,0,0.3498,0.2424,0.6655,0.7899
129,1265,0,0.3515,0.2424,0.6641,0.7900
130,1265,0,0.3522,0.2425,0.6630,0.7901
131,1265,0,0.3534,0.2425,0.6620,0.7912
132,1265,0,0.3517,0.2422,0.6628,0.7904
133,1265,0,0.3518,0.2420,0.6624,0.7910
134,1265,0,0.3524,0.2420,0.6621,0.7912
135,1265,0,0.3525,0.2414,0.6624,0.7914
136,1265,0,0.3526,0.2415,0.6629,0.7909
137,1265,0,0.3525,0.2419,0.6646,0.7910
138,1265,0,0.3518,0.2419,0.6662,0.7912
139,1265,0,0.3506,0.2416,0.6683,0.7912
140,1265,0,0.3498,0.2417,0.6693,0.7913
141,1265,0,0.3496,0.2418,0.6694,0.7913
142,1265,0,0.3501,0.2413,0.6678,0.7916
143,1265,0,0.3505,0.2418,0.6661,0.7915
144,1265,0,0.3506,0.2417,0.6661,0.7915
145,1265,0,0.3509,0.2414,0.6694,0.7916
146,1265,0,0.3509,0.2411,0.6738,0.7905
147,1265,0,0.3504,0.2407,0.6786,0.7900
148,1265,0,0.3507,0.2405,0.6829,0.7899
149,1265,0,0.3512,0.2405,0.6859,0.7898
150,1265,0,0.3513,0.2405,0.6882,0.7898
151,1265,0,0.3508,0.2406,0.6897,0.7893
152,1265,0,0.3496,0.2408,0.6900,0.7890
153,1265,0,0.3483,0.2407,0.6889,0.7890
154,1265,0,0.3487,0.2406,0.6857,0.7889
155,1265,0,0.3506,0.2407,0.6802,0.7885
156,1265,0,0.3501,0.2408,0.6762,0.7882
157,1265,0,0.3506,0.2407,0.6752,0.7882
158,1265,0,0.3504,0.2411,0.6763,0.7897
159,1265,0,0.3498,0.2413,0.6787,0.7897
160,1265,0,0.3495,0.2412,0.6825,0.7889
161,1265,0,0.3485,0.2410,0.6849,0.7885
162,1265,0,0.3479,0.2410,0.6873,0.7882
163,1265,0,0.3472,0.2408,0.6886,0.7881
164,1265,0,0.3473,0.2410,0.6886,0.7878
165,1265,0,0.3474,0.2409,0.6859,0.7874
166,1265,0,0.3470,0.2406,0.6823,0.7877
167,1265,0,0.3494,0.2408,0.6729,0.7888
168,1265,0,0.3504,0.2403,0.6686,0.7891
169,1265,0,0.3505,0.2400,0.6688,0.7892
170,1265,0,0.3511,0.2394,0.6707,0.7892
171,1265,0,0.3510,0.2393,0.6728,0.7890
172,1265,0,0.3518,0.2390,0.6754,0.7892
173,1265,0,0.3501,0.2390,0.6779,0.7889
174,1265,0,0.3492,0.2386,0.6795,0.7889
175,1265,0,0.3457,0.2386,0.6801,0.7885
176,1265,0,0.3419,0.2386,0.6804,0.7883
177,1265,0,0.3397,0.2384,0.6804,0.7884
178,1265,0,0.3392,0.2381,0.6805,0.7882
179,1265,0,0.3392,0.2378,0.6769,0.7884
180,1265,0,0.3403,0.2378,0.6711,0.7884
181,1265,0,0.3409,0.2378,0.6660,0.7882
182,1265,0,0.3429,0.2375,0.6635,0.7882
183,1265,0,0.3437,0.2372,0.6630,0.7881
184,1265,0,0.3418,0.2370,0.6637,0.7879
185,1265,0,0.3415,0.2375,0.6645,0.7880
186,1265,0,0.3409,0.2376,0.6648,0.7881
187,1265,0,0.3404,0.2379,0.6641,0.7882
188,1265,0,0.3403,0.2374,0.6644,0.7879
189,1265,0,0.3407,0.2373,0.6646,0.7879
190,1265,0,0.3409,0.2373,0.6648,0.7877
191,1265,0,0.3411,0.2373,0.6646,0.7880
192,1265,0,0.3436,0.2374,0.6635,0.7881
193,1265,0,0.3472,0.2377,0.6618,0.7875
194,1265,0,0.3485,0.2375,0.6603,0.7876
195,1265,0,0.3521,0.2373,0.6599,0.7877
196,1265,0,0.3535,0.2372,0.6601,0.7874
197,1265,0,0.3539,0.2372,0.6612,0.7876
198,1265,0,0.3538,0.2375,0.6625,0.7871
199,1265,0,0.3542,0.2378,0.6640,0.7873
200,1265,0,0.3534,0.2383,0.6648,0.7873
201,1265,0,0.3527,0.2386,0.6656,0.7870
202,1265,0,0.3515,0.2388,0.6660,0.7871
203,1265,0,0.3515,0.2392,0.6662,0.7869
204,1265,0,0.3518,0.2392,0.6664,0.7864
205,1265,0,0.3518,0.2393,0.6665,0.7862
206,1265,0,0.3518,0.2391,0.6659,0.7863
207,1265,0,0.3524,0.2392,0.6647,0.7866
208,1265,0,0.3517,0.2391,0.6641,0.7873
209,1265,0,0.3517,0.2389,0.6639,0.7877
210,1265,0,0.3521,0.2389,0.6639,0.7880
211,1265,0,0.3521,0.2386,0.6641,0.7882
212,1265,0,0.3513,0.2384,0.6642,0.7877
213,1265,0,0.3477,0.2387,0.6637,0.7879
214,1265,0,0.3452,0.2385,0.6643,0.7880
215,1265,0,0.3430,0.2380,0.6647,0.7880
216,1265,0,0.3416,0.2371,0.6653,0.7879
217,1265,0,0.3396,0.2367,0.6650,0.7874
218,1265,0,0.3393,0.2368,0.6635,0.7871
219,1265,0,0.3394,0.2371,0.6600,0.7869
220,1265,0,0.3392,0.2373,0.6581,0.7868
221,1265,0,0.3380,0.2372,0.6576,0.7866
222,1265,0,0.3361,0.2368,0.6559,0.7867
223,1265,0,0.3343,0.2366,0.6538,0.7867
224,1265,0,0.3341,0.2364,0.6529,0.7858
225,1265,0,0.3346,0.2363,0.6522,0.7857
226,1265,0,0.3329,0.2359,0.6527,0.7853
227,1265,0,0.3301,0.2351,0.6531,0.7852
228,1265,0,0.3290,0.2344,0.6545,0.7850
229,1265,0,0.3271,0.2339,0.6558,0.7851
230,1265,0,0.3267,0.2338,0.6555,0.7852
231,1265,0,0.3284,0.2337,0.6546,0.7844
232,1265,0,0.3307,0.2335,0.6523,0.7843
233,1265,0,0.3322,0.2335,0.6507,0.7843
234,1265,0,0.3322,0.2333,0.6494,0.7845
235,1265,0,0.3317,0.2330,0.6493,0.7845
236,1265,0,0.3326,0.2326,0.6494,0.7840
237,1265,0,0.3325,0.2324,0.6493,0.7837
238,1265,0,0.3304,0.2323,0.6490,0.7834
239,1265,0,0.3298,0.2323,0.6497,0.7825
240,1265,0,0.3297,0.2324,0.6505,0.7820
241,1265,0,0.3290,0.2321,0.6513,0.7822
242,1265,0,0.3288,0.2321,0.6521,0.7829
243,1265,0,0.3296,0.2322,0.6527,0.7825
244,1265,0,0.3307,0.2322,0.6532,0.7825
245,1265,0,0.3325,0.2323,0.6529,0.7815
246,1265,0,0.3331,0.2324,0.6526,0.7816
247,1265,0,0.3351,0.2323,0.6527,0.7817
248,1265,0,0.3355,0.2322,0.6534,0.7818
249,1265,0,0.3355,0.2321,0.6538,0.7817
250,1265,0,0.3359,0.2321,0.6542,0.7813
251,1265,0,0.3360,0.2321,0.6550,0.7810
252,1265,0,0.3371,0.2319,0.6565,0.7813
253,1265,0,0.3372,0.2315,0.6591,0.7810
254,1265,0,0.3373,0.2315,0.6598,0.7805
255,1265,0,0.3374,0.2315,0.6601,0.7809
256,1265,0,0.3375,0.2319,0.6600,0.7806
257,1265,0,0.3373,0.2320,0.6588,0.7808
258,1265,0,0.3370,0.2319,0.6573,0.7809
259,1265,0,0.3384,0.2320,0.6556,0.7804
260,1265,0,0.3387,0.2315,0.6548,0.7798
261,1265,0,0.3389,0.2314,0.6544,0.7797
262,1265,0,0.3389,0.2312,0.6541,0.7794
263,1265,0,0.3384,0.2310,0.6538,0.7792
264,1265,0,0.3387,0.2309,0.6539,0.7786
265,1265,0,0.3378,0.2306,0.6540,0.7776
266,1265,0,0.3372,0.2297,0.6541,0.7772
267,1265,0,0.3353,0.2292,0.6540,0.7771
268,1265,0,0.3359,0.2289,0.6537,0.7771
269,1265,0,0.3361,0.2289,0.6519,0.7770
270,1265,0,0.3361,0.2288,0.6510,0.7768
271,1265,0,0.3363,0.2286,0.6493,0.7758
272,1265,0,0.3365,0.2284,0.6486,0.7748
273,1265,0,0.3356,0.2277,0.6485,0.7741
274,1265,0,0.3357,0.2276,0.6484,0.7740
275,1265,0,0.3359,0.2276,0.6486,0.7737
276,1265,0,0.3362,0.2274,0.6485,0.7733
277,1265,0,0.3357,0.2268,0.6483,0.7733
278,1265,0,0.3348,0.2265,0.6481,0.7733
279,1265,0,0.3319,0.2261,0.6490,0.7730
280,1265,0,0.3286,0.2254,0.6498,0.7731
281,1265,0,0.3275,0.2250,0.6497,0.7730
282,1265,0,0.3294,0.2249,0.6491,0.7726
283,1265,0,0.3315,0.2244,0.6476,0.7728
284,1265,0,0.3317,0.2237,0.6456,0.7724
285,1265,0,0.3320,0.2235,0.6450,0.7724
286,1265,0,0.3307,0.2233,0.6446,0.7723
287,1265,0,0.3292,0.2232,0.6439,0.7717
288,1265,0,0.3276,0.2228,0.6440,0.7725
289,1265,0,0.3276,0.2225,0.6427,0.7723
290,1265,0,0.3257,0.2219,0.6419,0.7719
291,1265,0,0.3243,0.2218,0.6416,0.7705
292,1265,0,0.3226,0.2216,0.6431,0.7709
293,1265,0,0.3205,0.2212,0.6439,0.7711
294,1265,0,0.3200,0.2211,0.6442,0.7703
295,1265,0,0.3202,0.2206,0.6436,0.7694
296,1265,0,0.3198,0.2200,0.6428,0.7692
297,1265,0,0.3212,0.2197,0.6408,0.7690
298,1265,0,0.3202,0.2196,0.6395,0.7686
299,1265,0,0.3194,0.2193,0.6384,0.7684
300,1265,0,0.3192,0.2191,0.6381,0.7684
301,1265,0,0.3194,0.2189,0.6375,0.7683
302,1265,0,0.3190,0.2190,0.6370,0.7678
303,1265,0,0.3179,0.2188,0.6371,0.7675
304,1265,0,0.3173,0.2186,0.6372,0.7671
305,1265,0,0.3159,0.2186,0.6375,0.7670
306,1265,0,0.3151,0.2184,0.6374,0.7668
307,1265,0,0.3145,0.2182,0.6374,0.7668
308,1265,0,0.3140,0.2184,0.6372,0.7659
309,1265,0,0.3144,0.2182,0.6361,0.7659
310,1265,0,0.3132,0.2182,0.6332,0.7656
311,1265,0,0.3125,0.2183,0.6319,0.7654
312,1265,0,0.3131,0.2183,0.6317,0.7653
313,1265,0,0.3134,0.2184,0.6317,0.7651
314,1265,0,0.3127,0.2181,0.6313,0.7654
315,1265,0,0.3123,0.2182,0.6306,0.7653
316,1265,0,0.3122,0.2186,0.6310,0.7653
317,1265,0,0.3118,0.2186,0.6312,0.7653
