# resolution: 1080,1920
frame,track_id,class,x1_norm,y1_norm,x2_norm,y2_norm
0,1,0,0.3867,0.1101,0.8375,0.9394
1,1,0,0.3864,0.1114,0.8381,0.9405
2,1,0,0.3859,0.1101,0.8381,0.9401
3,1,0,0.3849,0.1105,0.8385,0.9378
4,1,0,0.3846,0.1121,0.8381,0.9367
5,1,0,0.3841,0.1047,0.8379,0.9392
6,1,0,0.3826,0.1024,0.8362,0.9393
7,1,0,0.3819,0.1014,0.8351,0.9424
8,1,0,0.3822,0.1086,0.8339,0.9413
9,1,0,0.3819,0.1114,0.8330,0.9417
10,1,0,0.3817,0.1131,0.8325,0.9411
11,1,0,0.3821,0.1155,0.8323,0.9404
12,1,0,0.3826,0.1165,0.8312,0.9404
13,1,0,0.3829,0.1187,0.8300,0.9412
14,1,0,0.3822,0.1178,0.8296,0.9417
15,1,0,0.3819,0.1183,0.8288,0.9416
16,1,0,0.3819,0.1194,0.8277,0.9422
17,1,0,0.3817,0.1209,0.8264,0.9432
18,1,0,0.3812,0.1209,0.8252,0.9435
19,1,0,0.3801,0.1211,0.8237,0.9434
20,1,0,0.3782,0.1216,0.8237,0.9438
21,1,0,0.3773,0.1227,0.8232,0.9435
22,1,0,0.3762,0.1237,0.8233,0.9430
23,1,0,0.3760,0.1254,0.8238,0.9449
24,1,0,0.3754,0.1249,0.8215,0.9443
25,1,0,0.3753,0.1237,0.8197,0.9444
26,1,0,0.3750,0.1230,0.8197,0.9452
27,1,0,0.3735,0.1212,0.8191,0.9443
28,1,0,0.3729,0.1207,0.8170,0.9441
29,1,0,0.3724,0.1220,0.8164,0.9452
30,1,0,0.3707,0.1217,0.8153,0.9451
31,1,0,0.3692,0.1211,0.8143,0.9459
32,1,0,0.3686,0.1215,0.8125,0.9450
33,1,0,0.3678,0.1205,0.8096,0.9433
34,1,0,0.3672,0.1189,0.8089,0.9421
35,1,0,0.3665,0.1192,0.8086,0.9429
36,1,0,0.3663,0.1207,0.8078,0.9434
37,1,0,0.3653,0.1220,0.8081,0.9444
38,1,0,0.3653,0.1280,0.8072,0.9511
39,1,0,0.3647,0.1254,0.8055,0.9492
40,1,0,0.3641,0.1248,0.8049,0.9479
41,1,0,0.3634,0.1246,0.8044,0.9475
42,1,0,0.3627,0.1241,0.8023,0.9471
43,1,0,0.3624,0.1243,0.8010,0.9466
44,1,0,0.3622,0.1240,0.7993,0.9464
45,1,0,0.3624,0.1244,0.7979,0.9462
46,1,0,0.3621,0.1233,0.7978,0.9458
47,1,0,0.3624,0.1234,0.7973,0.9459
48,1,0,0.3624,0.1231,0.7980,0.9468
49,1,0,0.3622,0.1230,0.7984,0.9473
50,1,0,0.3614,0.1233,0.7989,0.9480
51,1,0,0.3608,0.1237,0.7995,0.9482
52,1,0,0.3609,0.1239,0.8001,0.9478
53,1,0,0.3609,0.1242,0.8004,0.9478
54,1,0,0.3611,0.1244,0.8020,0.9476
55,1,0,0.3618,0.1246,0.8024,0.9460
56,1,0,0.3621,0.1248,0.8009,0.9463
57,1,0,0.3624,0.1251,0.7999,0.9470
58,1,0,0.3628,0.1250,0.8010,0.9466
59,1,0,0.3634,0.1244,0.8016,0.9453
60,1,0,0.3637,0.1227,0.8028,0.9435
61,1,0,0.3639,0.1222,0.8038,0.9427
62,1,0,0.3640,0.1222,0.8033,0.9430
63,1,0,0.3643,0.1220,0.8045,0.9428
64,1,0,0.3645,0.1219,0.8061,0.9432
65,1,0,0.3647,0.1221,0.8062,0.9430
66,1,0,0.3648,0.1225,0.8059,0.9425
67,1,0,0.3650,0.1217,0.8051,0.9423
68,1,0,0.3643,0.1218,0.8045,0.9426
69,1,0,0.3648,0.1219,0.8027,0.9425
70,1,0,0.3648,0.1221,0.8014,0.9422
71,1,0,0.3648,0.1226,0.8009,0.9420
72,1,0,0.3650,0.1227,0.7996,0.9422
73,1,0,0.3651,0.1225,0.7982,0.9432
74,1,0,0.3643,0.1225,0.7973,0.9433
75,1,0,0.3637,0.1220,0.7969,0.9426
76,1,0,0.3621,0.1220,0.7963,0.9429
77,1,0,0.3612,0.1211,0.7960,0.9431
78,1,0,0.3603,0.1211,0.7962,0.9426
79,1,0,0.3606,0.1177,0.7961,0.9503
80,1,0,0.3605,0.1162,0.7962,0.9524
81,1,0,0.3596,0.1191,0.7973,0.9456
82,1,0,0.3601,0.1171,0.7976,0.9499
83,1,0,0.3599,0.1154,0.7978,0.9527
84,1,0,0.3598,0.1138,0.7975,0.9527
85,1,0,0.3589,0.1128,0.7965,0.9529
86,1,0,0.3604,0.1123,0.7955,0.9516
87,1,0,0.3608,0.1118,0.7955,0.9512
88,1,0,0.3600,0.1129,0.7959,0.9517
89,1,0,0.3602,0.1131,0.7965,0.9507
90,1,0,0.3605,0.1119,0.7969,0.9508
91,1,0,0.3614,0.1119,0.7975,0.9527
92,1,0,0.3619,0.1129,0.7977,0.9520
93,1,0,0.3619,0.1131,0.7984,0.9490
94,1,0,0.3612,0.1185,0.8000,0.9418
95,1,0,0.3606,0.1197,0.8017,0.9400
96,1,0,0.3599,0.1205,0.8042,0.9388
97,1,0,0.3596,0.1210,0.8064,0.9390
98,1,0,0.3604,0.1168,0.8073,0.9448
99,1,0,0.3603,0.1200,0.8082,0.9408
100,1,0,0.3607,0.1210,0.8087,0.9398
101,1,0,0.3618,0.1214,0.8088,0.9407
102,1,0,0.3623,0.1204,0.8083,0.9412
103,1,0,0.3635,0.1200,0.8077,0.9432
104,1,0,0.3657,0.1126,0.8089,0.9492
105,1,0,0.3652,0.1091,0.8133,0.9526
106,1,0,0.3655,0.1079,0.8165,0.9556
107,1,0,0.3661,0.1092,0.8188,0.9572
108,1,0,0.3678,0.1097,0.8221,0.9573
109,1,0,0.3695,0.1105,0.8241,0.9575
110,1,0,0.3715,0.1089,0.8254,0.9595
111,1,0,0.3738,0.1088,0.8262,0.9607
112,1,0,0.3737,0.1151,0.8261,0.9531
113,1,0,0.3744,0.1170,0.8267,0.9518
114,1,0,0.3756,0.1155,0.8266,0.9513
115,1,0,0.3762,0.1156,0.8267,0.9506
116,1,0,0.3786,0.1160,0.8271,0.9503
117,1,0,0.3804,0.1171,0.8270,0.9521
118,1,0,0.3836,0.1192,0.8282,0.9520
119,1,0,0.3848,0.1213,0.8280,0.9530
120,1,0,0.3859,0.1209,0.8275,0.9522
121,1,0,0.3858,0.1204,0.8285,0.9527
122,1,0,0.3858,0.1215,0.8301,0.9518
123,1,0,0.3862,0.1226,0.8316,0.9512
124,1,0,0.3861,0.1223,0.8336,0.9516
125,1,0,0.3851,0.1215,0.8354,0.9506
126,1,0,0.3844,0.1211,0.8356,0.9501
127,1,0,0.3840,0.1200,0.8333,0.9496
128,1,0,0.3847,0.1181,0.8312,0.9492
129,1,0,0.3853,0.1167,0.8303,0.9489
130,1,0,0.3866,0.1165,0.8289,0.9485
131,1,0,0.3876,0.1171,0.8287,0.9496
132,1,0,0.3887,0.1169,0.8292,0.9496
133,1,0,0.3900,0.1172,0.8294,0.9495
134,1,0,0.3901,0.1159,0.8283,0.9487
135,1,0,0.3898,0.1165,0.8279,0.9486
136,1,0,0.3895,0.1175,0.8289,0.9480
137,1,0,0.3895,0.1190,0.8307,0.9486
138,1,0,0.3893,0.1194,0.8307,0.9488
139,1,0,0.3889,0.1196,0.8303,0.9483
140,1,0,0.3873,0.1182,0.8301,0.9482
141,1,0,0.3874,0.1187,0.8307,0.9472
142,1,0,0.3880,0.1191,0.8312,0.9476
143,1,0,0.3881,0.1187,0.8313,0.9479
144,1,0,0.3882,0.1207,0.8318,0.9475
145,1,0,0.3878,0.1219,0.8319,0.9471
146,1,0,0.3875,0.1222,0.8319,0.9469
147,1,0,0.3876,0.1220,0.8320,0.9466
148,1,0,0.3874,0.1226,0.8324,0.9466
149,1,0,0.3868,0.1229,0.8324,0.9464
150,1,0,0.3856,0.1222,0.8320,0.9459
151,1,0,0.3851,0.1213,0.8315,0.9455
152,1,0,0.3846,0.1228,0.8311,0.9452
153,1,0,0.3841,0.1235,0.8308,0.9443
154,1,0,0.3842,0.1225,0.8319,0.9446
155,1,0,0.3843,0.1214,0.8319,0.9455
156,1,0,0.3851,0.1218,0.8307,0.9462
157,1,0,0.3862,0.1216,0.8295,0.9473
158,1,0,0.3873,0.1214,0.8291,0.9474
159,1,0,0.3879,0.1212,0.8287,0.9469
160,1,0,0.3882,0.1204,0.8286,0.9470
161,1,0,0.3884,0.1206,0.8289,0.9467
162,1,0,0.3888,0.1195,0.8282,0.9459
163,1,0,0.3886,0.1189,0.8280,0.9455
164,1,0,0.3875,0.1188,0.8275,0.9459
165,1,0,0.3871,0.1192,0.8273,0.9464
166,1,0,0.3890,0.1188,0.8273,0.9474
167,1,0,0.3891,0.1188,0.8274,0.9473
168,1,0,0.3893,0.1191,0.8273,0.9474
169,1,0,0.3885,0.1205,0.8275,0.9486
170,1,0,0.3889,0.1206,0.8270,0.9483
171,1,0,0.3892,0.1210,0.8286,0.9475
172,1,0,0.3895,0.1209,0.8294,0.9478
173,1,0,0.3902,0.1211,0.8294,0.9480
174,1,0,0.3897,0.1219,0.8299,0.9476
175,1,0,0.3895,0.1219,0.8301,0.9466
176,1,0,0.3893,0.1229,0.8315,0.9466
177,1,0,0.3893,0.1231,0.8323,0.9463
178,1,0,0.3891,0.1236,0.8318,0.9471
179,1,0,0.3888,0.1229,0.8320,0.9455
180,1,0,0.3885,0.1228,0.8311,0.9445
181,1,0,0.3880,0.1228,0.8316,0.9461
182,1,0,0.3884,0.1227,0.8324,0.9465
183,1,0,0.3887,0.1207,0.8331,0.9468
184,1,0,0.3890,0.1207,0.8335,0.9479
185,1,0,0.3889,0.1195,0.8329,0.9468
186,1,0,0.3886,0.1190,0.8328,0.9462
187,1,0,0.3885,0.1197,0.8362,0.9465
188,1,0,0.3886,0.1187,0.8364,0.9464
189,1,0,0.3887,0.1180,0.8354,0.9460
190,1,0,0.3892,0.1183,0.8351,0.9457
191,1,0,0.3891,0.1185,0.8356,0.9459
192,1,0,0.3892,0.1183,0.8358,0.9463
193,1,0,0.3893,0.1168,0.8349,0.9462
194,1,0,0.3889,0.1186,0.8335,0.9468
195,1,0,0.3884,0.1199,0.8328,0.9462
196,1,0,0.3890,0.1196,0.8324,0.9459
197,1,0,0.3892,0.1193,0.8316,0.9458
198,1,0,0.3892,0.1175,0.8302,0.9460
199,1,0,0.3884,0.1177,0.8292,0.9469
200,1,0,0.3881,0.1186,0.8286,0.9477
201,1,0,0.3869,0.1096,0.8290,0.9517
202,1,0,0.3855,0.1062,0.8294,0.9538
203,1,0,0.3846,0.1061,0.8296,0.9537
204,1,0,0.3844,0.1059,0.8296,0.9531
205,1,0,0.3846,0.1145,0.8281,0.9495
206,1,0,0.3838,0.1193,0.8283,0.9492
207,1,0,0.3837,0.1204,0.8286,0.9481
208,1,0,0.3841,0.1200,0.8285,0.9473
209,1,0,0.3841,0.1199,0.8283,0.9476
210,1,0,0.3836,0.1195,0.8280,0.9488
211,1,0,0.3828,0.1178,0.8276,0.9488
212,1,0,0.3818,0.1157,0.8278,0.9484
213,1,0,0.3809,0.1149,0.8283,0.9480
214,1,0,0.3801,0.1143,0.8287,0.9474
215,1,0,0.3797,0.1130,0.8285,0.9470
216,1,0,0.3811,0.1128,0.8286,0.9462
217,1,0,0.3817,0.1128,0.8280,0.9463
218,1,0,0.3820,0.1123,0.8269,0.9460
219,1,0,0.3823,0.1124,0.8267,0.9462
220,1,0,0.3824,0.1125,0.8276,0.9456
221,1,0,0.3838,0.1134,0.8270,0.9461
222,1,0,0.3854,0.1136,0.8262,0.9465
223,1,0,0.3860,0.1143,0.8263,0.9464
224,1,0,0.3862,0.1156,0.8268,0.9463
225,1,0,0.3860,0.1154,0.8267,0.9457
226,1,0,0.3854,0.1159,0.8271,0.9452
227,1,0,0.3845,0.1155,0.8276,0.9455
228,1,0,0.3842,0.1152,0.8281,0.9453
229,1,0,0.3839,0.1153,0.8280,0.9459
230,1,0,0.3839,0.1153,0.8281,0.9463
231,1,0,0.3836,0.1153,0.8279,0.9465
232,1,0,0.3841,0.1152,0.8280,0.9464
233,1,0,0.3844,0.1152,0.8282,0.9457
234,1,0,0.3845,0.1155,0.8283,0.9458
235,1,0,0.3844,0.1170,0.8282,0.9462
236,1,0,0.3844,0.1190,0.8281,0.9476
237,1,0,0.3848,0.1194,0.8284,0.9476
238,1,0,0.3851,0.1198,0.8283,0.9475
239,1,0,0.3855,0.1198,0.8279,0.9472
240,1,0,0.3857,0.1202,0.8279,0.9464
241,1,0,0.3862,0.1199,0.8278,0.9462
242,1,0,0.3863,0.1195,0.8281,0.9461
243,1,0,0.3862,0.1195,0.8285,0.9460
244,1,0,0.3867,0.1187,0.8281,0.9447
245,1,0,0.3864,0.1192,0.8281,0.9447
246,1,0,0.3864,0.1194,0.8281,0.9447
247,1,0,0.3865,0.1193,0.8282,0.9440
248,1,0,0.3869,0.1194,0.8277,0.9425
249,1,0,0.3868,0.1199,0.8279,0.9431
250,1,0,0.3860,0.1201,0.8283,0.9439
251,1,0,0.3856,0.1203,0.8280,0.9440
252,1,0,0.3841,0.1199,0.8282,0.9445
253,1,0,0.3831,0.1190,0.8293,0.9443
254,1,0,0.3835,0.1186,0.8295,0.9431
255,1,0,0.3846,0.1184,0.8291,0.9432
256,1,0,0.3855,0.1187,0.8290,0.9438
257,1,0,0.3855,0.1190,0.8296,0.9435
258,1,0,0.3857,0.1188,0.8300,0.9436
259,1,0,0.3845,0.1195,0.8304,0.9436
260,1,0,0.3836,0.1188,0.8299,0.9430
261,1,0,0.3821,0.1186,0.8296,0.9420
262,1,0,0.3791,0.1191,0.8303,0.9427
263,1,0,0.3765,0.1197,0.8305,0.9427
264,1,0,0.3757,0.1195,0.8302,0.9421
265,1,0,0.3766,0.1187,0.8287,0.9414
266,1,0,0.3777,0.1172,0.8276,0.9412
267,1,0,0.3784,0.1183,0.8249,0.9424
268,1,0,0.3790,0.1115,0.8242,0.9448
269,1,0,0.3794,0.1093,0.8236,0.9459
270,1,0,0.3793,0.1085,0.8236,0.9478
271,1,0,0.3791,0.1083,0.8235,0.9481
272,1,0,0.3782,0.1087,0.8235,0.9485
273,1,0,0.3777,0.1092,0.8237,0.9488
274,1,0,0.3767,0.1083,0.8253,0.9491
275,1,0,0.3756,0.1085,0.8249,0.9478
276,1,0,0.3746,0.1083,0.8249,0.9476
277,1,0,0.3738,0.1084,0.8240,0.9469
278,1,0,0.3736,0.1092,0.8234,0.9469
279,1,0,0.3739,0.1107,0.8242,0.9471
280,1,0,0.3745,0.1124,0.8253,0.9477
281,1,0,0.3756,0.1125,0.8244,0.9484
282,1,0,0.3754,0.1189,0.8221,0.9471
283,1,0,0.3780,0.1178,0.8230,0.9496
284,1,0,0.3812,0.1196,0.8209,0.9467
285,1,0,0.3844,0.1225,0.8213,0.9464
286,1,0,0.3864,0.1223,0.8219,0.9458
287,1,0,0.3868,0.1229,0.8221,0.9455
288,1,0,0.3858,0.1229,0.8217,0.9449
289,1,0,0.3856,0.1222,0.8204,0.9446
290,1,0,0.3857,0.1222,0.8197,0.9453
