# resolution: 1080,1920
frame,track_id,class,x1_norm,y1_norm,x2_norm,y2_norm
0,3385,0,0.0934,0.3310,0.7661,0.7664
1,3385,0,0.0861,0.3212,0.7333,0.7437
2,3385,0,0.0839,0.3176,0.7229,0.7354
3,3385,0,0.0835,0.3164,0.7199,0.7327
4,3385,0,0.0833,0.3158,0.7200,0.7318
5,3385,0,0.0837,0.3159,0.7202,0.7318
6,3385,0,0.0836,0.3161,0.7208,0.7320
7,3385,0,0.0833,0.3161,0.7213,0.7323
8,3385,0,0.0832,0.3162,0.7219,0.7326
9,3385,0,0.0837,0.3163,0.7223,0.7328
10,3385,0,0.0838,0.3164,0.7228,0.7329
11,3385,0,0.0839,0.3165,0.7232,0.7330
12,3385,0,0.0841,0.3166,0.7235,0.7332
13,3385,0,0.0841,0.3167,0.7239,0.7333
14,3385,0,0.0840,0.3167,0.7241,0.7334
15,3385,0,0.0839,0.3169,0.7243,0.7336
16,3385,0,0.0841,0.3169,0.7244,0.7337
17,3385,0,0.0841,0.3169,0.7245,0.7338
18,3385,0,0.0840,0.3169,0.7246,0.7339
19,3385,0,0.0838,0.3169,0.7248,0.7340
20,3385,0,0.0840,0.3169,0.7249,0.7341
21,3385,0,0.0838,0.3169,0.7250,0.7342
22,3385,0,0.0838,0.3169,0.7251,0.7341
23,3385,0,0.0839,0.3170,0.7252,0.7341
24,3385,0,0.0835,0.3170,0.7254,0.7342
25,3385,0,0.0830,0.3170,0.7257,0.7342
26,3385,0,0.0824,0.3170,0.7259,0.7342
27,3385,0,0.0820,0.3170,0.7260,0.7342
28,3385,0,0.0821,0.3171,0.7260,0.7342
29,3385,0,0.0827,0.3171,0.7259,0.7343
30,3385,0,0.0828,0.3170,0.7255,0.7344
31,3385,0,0.0820,0.3171,0.7254,0.7346
32,3385,0,0.0817,0.3172,0.7255,0.7347
33,3385,0,0.0819,0.3172,0.7255,0.7347
34,3385,0,0.0822,0.3172,0.7254,0.7347
35,3385,0,0.0823,0.3170,0.7253,0.7348
36,3385,0,0.0826,0.3170,0.7252,0.7349
37,3385,0,0.0828,0.3170,0.7252,0.7349
38,3385,0,0.0831,0.3170,0.7252,0.7350
39,3385,0,0.0833,0.3171,0.7252,0.7350
40,3385,0,0.0833,0.3171,0.7251,0.7349
41,3385,0,0.0832,0.3171,0.7253,0.7349
42,3385,0,0.0829,0.3171,0.7253,0.7349
43,3385,0,0.0830,0.3170,0.7251,0.7349
44,3385,0,0.0823,0.3170,0.7251,0.7348
45,3385,0,0.0822,0.3172,0.7252,0.7347
46,3385,0,0.0826,0.3171,0.7253,0.7345
47,3385,0,0.0824,0.3171,0.7253,0.7346
48,3385,0,0.0822,0.3170,0.7254,0.7346
49,3385,0,0.0826,0.3170,0.7254,0.7346
50,3385,0,0.0833,0.3170,0.7253,0.7346
51,3385,0,0.0835,0.3170,0.7253,0.7346
52,3385,0,0.0837,0.3170,0.7251,0.7345
53,3385,0,0.0837,0.3165,0.7251,0.7344
54,3385,0,0.0825,0.3159,0.7254,0.7345
55,3385,0,0.0822,0.3157,0.7256,0.7344
56,3385,0,0.0821,0.3154,0.7258,0.7344
57,3385,0,0.0833,0.3151,0.7254,0.7343
58,3385,0,0.0839,0.3151,0.7254,0.7343
59,3385,0,0.0842,0.3151,0.7254,0.7343
60,3385,0,0.0844,0.3151,0.7254,0.7342
61,3385,0,0.0845,0.3151,0.7254,0.7342
62,3385,0,0.0847,0.3151,0.7254,0.7342
63,3385,0,0.0848,0.3151,0.7255,0.7342
64,3385,0,0.0848,0.3152,0.7255,0.7342
65,3385,0,0.0848,0.3154,0.7254,0.7342
66,3385,0,0.0846,0.3153,0.7254,0.7342
67,3385,0,0.0848,0.3154,0.7254,0.7342
68,3385,0,0.0848,0.3153,0.7255,0.7342
69,3385,0,0.0849,0.3153,0.7254,0.7342
70,3385,0,0.0847,0.3153,0.7255,0.7342
71,3385,0,0.0849,0.3153,0.7255,0.7342
72,3385,0,0.0850,0.3154,0.7255,0.7342
73,3385,0,0.0852,0.3156,0.7256,0.7342
74,3385,0,0.0849,0.3156,0.7255,0.7342
75,3385,0,0.0847,0.3155,0.7255,0.7343
76,3385,0,0.0848,0.3155,0.7254,0.7343
77,3385,0,0.0848,0.3156,0.7254,0.7343
78,3385,0,0.0846,0.3157,0.7255,0.7343
79,3385,0,0.0844,0.3158,0.7255,0.7344
80,3385,0,0.0844,0.3157,0.7255,0.7344
81,3385,0,0.0848,0.3157,0.7254,0.7342
82,3385,0,0.0848,0.3157,0.7255,0.7343
83,3385,0,0.0848,0.3157,0.7256,0.7343
84,3385,0,0.0842,0.3157,0.7256,0.7344
85,3385,0,0.0839,0.3156,0.7256,0.7344
86,3385,0,0.0839,0.3157,0.7254,0.7343
87,3385,0,0.0843,0.3157,0.7252,0.7343
88,3385,0,0.0843,0.3158,0.7251,0.7344
89,3385,0,0.0844,0.3158,0.7250,0.7344
90,3385,0,0.0845,0.3157,0.7251,0.7343
91,3385,0,0.0840,0.3156,0.7252,0.7343
92,3385,0,0.0837,0.3157,0.7252,0.7342
93,3385,0,0.0837,0.3158,0.7252,0.7342
94,3385,0,0.0841,0.3158,0.7251,0.7341
95,3385,0,0.0846,0.3157,0.7250,0.7340
96,3385,0,0.0850,0.3157,0.7250,0.7339
97,3385,0,0.0848,0.3157,0.7250,0.7338
98,3385,0,0.0848,0.3156,0.7251,0.7338
99,3385,0,0.0848,0.3155,0.7252,0.7338
100,3385,0,0.0849,0.3154,0.7252,0.7338
101,3385,0,0.0850,0.3153,0.7252,0.7340
102,3385,0,0.0851,0.3154,0.7253,0.7341
103,3385,0,0.0846,0.3154,0.7255,0.7342
104,3385,0,0.0846,0.3154,0.7255,0.7342
105,3385,0,0.0846,0.3154,0.7255,0.7341
106,3385,0,0.0844,0.3154,0.7255,0.7341
107,3385,0,0.0845,0.3154,0.7255,0.7339
108,3385,0,0.0844,0.3153,0.7254,0.7339
109,3385,0,0.0844,0.3153,0.7254,0.7339
110,3385,0,0.0845,0.3153,0.7254,0.7340
111,3385,0,0.0844,0.3153,0.7254,0.7340
112,3385,0,0.0844,0.3153,0.7255,0.7340
113,3385,0,0.0844,0.3153,0.7254,0.7340
114,3385,0,0.0842,0.3154,0.7255,0.7341
115,3385,0,0.0843,0.3154,0.7255,0.7340
116,3385,0,0.0843,0.3154,0.7255,0.7340
117,3385,0,0.0842,0.3154,0.7255,0.7340
118,3385,0,0.0843,0.3154,0.7255,0.7340
119,3385,0,0.0843,0.3155,0.7255,0.7341
120,3385,0,0.0843,0.3156,0.7255,0.7343
121,3385,0,0.0846,0.3156,0.7255,0.7343
122,3385,0,0.0846,0.3158,0.7256,0.7343
123,3385,0,0.0848,0.3158,0.7257,0.7343
124,3385,0,0.0850,0.3159,0.7257,0.7343
125,3385,0,0.0849,0.3159,0.7257,0.7344
126,3385,0,0.0846,0.3159,0.7257,0.7344
127,3385,0,0.0844,0.3158,0.7257,0.7343
128,3385,0,0.0852,0.3160,0.7258,0.7343
129,3385,0,0.0853,0.3160,0.7258,0.7343
130,3385,0,0.0852,0.3160,0.7259,0.7344
131,3385,0,0.0852,0.3160,0.7259,0.7343
132,3385,0,0.0854,0.3160,0.7258,0.7343
133,3385,0,0.0853,0.3160,0.7258,0.7343
134,3385,0,0.0853,0.3161,0.7257,0.7343
135,3385,0,0.0851,0.3163,0.7257,0.7343
136,3385,0,0.0852,0.3164,0.7257,0.7343
137,3385,0,0.0853,0.3165,0.7257,0.7343
138,3385,0,0.0852,0.3165,0.7257,0.7344
139,3385,0,0.0853,0.3165,0.7258,0.7344
140,3385,0,0.0852,0.3165,0.7259,0.7345
141,3385,0,0.0854,0.3164,0.7258,0.7344
142,3385,0,0.0857,0.3163,0.7257,0.7344
143,3385,0,0.0856,0.3164,0.7256,0.7343
144,3385,0,0.0856,0.3164,0.7256,0.7343
145,3385,0,0.0856,0.3164,0.7256,0.7343
146,3385,0,0.0854,0.3164,0.7256,0.7343
147,3385,0,0.0856,0.3163,0.7256,0.7343
148,3385,0,0.0854,0.3162,0.7257,0.7343
149,3385,0,0.0855,0.3161,0.7258,0.7343
150,3385,0,0.0856,0.3160,0.7257,0.7343
151,3385,0,0.0854,0.3160,0.7257,0.7344
152,3385,0,0.0855,0.3160,0.7256,0.7344
153,3385,0,0.0853,0.3160,0.7256,0.7345
154,3385,0,0.0852,0.3161,0.7256,0.7345
155,3385,0,0.0850,0.3160,0.7257,0.7345
156,3385,0,0.0851,0.3160,0.7256,0.7345
157,3385,0,0.0854,0.3159,0.7255,0.7345
158,3385,0,0.0857,0.3159,0.7254,0.7345
159,3385,0,0.0858,0.3159,0.7254,0.7345
160,3385,0,0.0858,0.3159,0.7254,0.7345
161,3385,0,0.0857,0.3159,0.7254,0.7346
162,3385,0,0.0857,0.3158,0.7254,0.7346
163,3385,0,0.0855,0.3158,0.7253,0.7346
164,3385,0,0.0853,0.3158,0.7254,0.7347
165,3385,0,0.0852,0.3158,0.7255,0.7349
166,3385,0,0.0850,0.3158,0.7255,0.7350
167,3385,0,0.0852,0.3158,0.7255,0.7350
168,3385,0,0.0855,0.3158,0.7255,0.7349
169,3385,0,0.0855,0.3158,0.7255,0.7348
170,3385,0,0.0856,0.3158,0.7255,0.7348
171,3385,0,0.0854,0.3158,0.7255,0.7348
172,3385,0,0.0851,0.3159,0.7256,0.7348
173,3385,0,0.0847,0.3159,0.7256,0.7348
174,3385,0,0.0845,0.3160,0.7257,0.7349
175,3385,0,0.0844,0.3159,0.7257,0.7350
176,3385,0,0.0847,0.3160,0.7257,0.7349
177,3385,0,0.0848,0.3158,0.7257,0.7348
178,3385,0,0.0848,0.3156,0.7257,0.7348
179,3385,0,0.0849,0.3153,0.7257,0.7347
180,3385,0,0.0852,0.3151,0.7255,0.7342
181,3385,0,0.0853,0.3152,0.7256,0.7341
182,3385,0,0.0849,0.3153,0.7256,0.7343
183,3385,0,0.0848,0.3154,0.7256,0.7343
184,3385,0,0.0848,0.3151,0.7257,0.7343
185,3385,0,0.0847,0.3151,0.7257,0.7344
186,3385,0,0.0847,0.3149,0.7256,0.7344
187,3385,0,0.0850,0.3148,0.7256,0.7344
188,3385,0,0.0852,0.3149,0.7257,0.7343
189,3385,0,0.0852,0.3150,0.7257,0.7343
190,3385,0,0.0852,0.3151,0.7257,0.7344
191,3385,0,0.0854,0.3151,0.7257,0.7344
192,3385,0,0.0855,0.3150,0.7257,0.7343
193,3385,0,0.0855,0.3149,0.7257,0.7343
194,3385,0,0.0856,0.3149,0.7257,0.7344
195,3385,0,0.0855,0.3147,0.7258,0.7344
196,3385,0,0.0854,0.3147,0.7258,0.7345
197,3385,0,0.0854,0.3148,0.7257,0.7345
198,3385,0,0.0856,0.3150,0.7256,0.7344
199,3385,0,0.0856,0.3152,0.7255,0.7344
200,3385,0,0.0858,0.3153,0.7254,0.7343
201,3385,0,0.0844,0.3153,0.7257,0.7345
202,3385,0,0.0846,0.3151,0.7255,0.7341
203,3385,0,0.0849,0.3150,0.7252,0.7339
204,3385,0,0.0855,0.3151,0.7251,0.7337
205,3385,0,0.0855,0.3150,0.7250,0.7335
206,3385,0,0.0844,0.3150,0.7253,0.7338
207,3385,0,0.0842,0.3151,0.7256,0.7339
208,3385,0,0.0852,0.3148,0.7255,0.7335
209,3385,0,0.0855,0.3147,0.7253,0.7334
210,3385,0,0.0857,0.3146,0.7254,0.7333
211,3385,0,0.0859,0.3146,0.7255,0.7332
212,3385,0,0.0847,0.3148,0.7255,0.7334
213,3385,0,0.0840,0.3149,0.7255,0.7335
214,3385,0,0.0843,0.3148,0.7254,0.7336
215,3385,0,0.0834,0.3149,0.7256,0.7335
216,3385,0,0.0832,0.3149,0.7254,0.7335
217,3385,0,0.0839,0.3150,0.7252,0.7335
218,3385,0,0.0841,0.3152,0.7251,0.7335
219,3385,0,0.0843,0.3152,0.7254,0.7333
220,3385,0,0.0842,0.3152,0.7256,0.7333
221,3385,0,0.0843,0.3153,0.7257,0.7334
222,3385,0,0.0845,0.3153,0.7257,0.7337
223,3385,0,0.0858,0.3151,0.7253,0.7334
224,3385,0,0.0852,0.3151,0.7254,0.7336
225,3385,0,0.0844,0.3151,0.7253,0.7336
226,3385,0,0.0842,0.3151,0.7253,0.7336
227,3385,0,0.0841,0.3150,0.7253,0.7336
228,3385,0,0.0839,0.3149,0.7255,0.7338
229,3385,0,0.0839,0.3150,0.7255,0.7339
230,3385,0,0.0837,0.3149,0.7255,0.7339
231,3385,0,0.0833,0.3149,0.7255,0.7339
232,3385,0,0.0838,0.3148,0.7255,0.7340
233,3385,0,0.0844,0.3148,0.7256,0.7338
234,3385,0,0.0846,0.3149,0.7256,0.7338
235,3385,0,0.0844,0.3149,0.7256,0.7338
236,3385,0,0.0814,0.3155,0.7259,0.7330
237,3385,0,0.0805,0.3155,0.7261,0.7328
238,3385,0,0.0825,0.3148,0.7258,0.7332
239,3385,0,0.0836,0.3146,0.7256,0.7335
240,3385,0,0.0851,0.3147,0.7253,0.7338
241,3385,0,0.0825,0.3155,0.7254,0.7330
242,3385,0,0.0815,0.3159,0.7254,0.7327
243,3385,0,0.0807,0.3161,0.7259,0.7327
244,3385,0,0.0809,0.3162,0.7263,0.7327
245,3385,0,0.0810,0.3162,0.7269,0.7328
246,3385,0,0.0807,0.3162,0.7269,0.7327
247,3385,0,0.0809,0.3161,0.7270,0.7328
248,3385,0,0.0847,0.3155,0.7260,0.7335
249,3385,0,0.0864,0.3153,0.7256,0.7337
250,3385,0,0.0833,0.3159,0.7263,0.7336
251,3385,0,0.0863,0.3155,0.7256,0.7335
252,3385,0,0.0873,0.3154,0.7251,0.7334
253,3385,0,0.0831,0.3160,0.7253,0.7332
254,3385,0,0.0816,0.3163,0.7255,0.7330
255,3385,0,0.0808,0.3164,0.7253,0.7327
256,3385,0,0.0805,0.3163,0.7253,0.7327
257,3385,0,0.0807,0.3163,0.7253,0.7330
258,3385,0,0.0805,0.3163,0.7255,0.7332
259,3385,0,0.0804,0.3163,0.7256,0.7333
260,3385,0,0.0805,0.3162,0.7259,0.7335
261,3385,0,0.0848,0.3154,0.7251,0.7338
262,3385,0,0.0815,0.3159,0.7258,0.7336
263,3385,0,0.0836,0.3155,0.7254,0.7343
264,3385,0,0.0810,0.3160,0.7260,0.7339
265,3385,0,0.0837,0.3157,0.7255,0.7341
266,3385,0,0.0845,0.3156,0.7252,0.7341
267,3385,0,0.0848,0.3155,0.7252,0.7339
268,3385,0,0.0847,0.3154,0.7252,0.7335
269,3385,0,0.0848,0.3152,0.7254,0.7333
270,3385,0,0.0851,0.3152,0.7252,0.7331
271,3385,0,0.0824,0.3157,0.7254,0.7327
272,3385,0,0.0815,0.3159,0.7256,0.7325
273,3385,0,0.0810,0.3159,0.7260,0.7325
274,3385,0,0.0837,0.3152,0.7259,0.7330
275,3385,0,0.0817,0.3153,0.7261,0.7325
276,3385,0,0.0854,0.3140,0.7261,0.7319
277,3385,0,0.0861,0.3140,0.7254,0.7329
278,3385,0,0.0824,0.3151,0.7260,0.7331
279,3385,0,0.0852,0.3140,0.7270,0.7322
280,3385,0,0.0820,0.3151,0.7263,0.7328
281,3385,0,0.0810,0.3155,0.7259,0.7331
282,3385,0,0.0806,0.3156,0.7258,0.7330
283,3385,0,0.0803,0.3157,0.7258,0.7331
284,3385,0,0.0800,0.3157,0.7259,0.7331
285,3385,0,0.0799,0.3158,0.7259,0.7330
286,3385,0,0.0799,0.3159,0.7258,0.7330
287,3385,0,0.0796,0.3161,0.7260,0.7333
288,3385,0,0.0833,0.3154,0.7256,0.7340
289,3385,0,0.0842,0.3152,0.7253,0.7344
290,3385,0,0.0848,0.3151,0.7250,0.7343
291,3385,0,0.0854,0.3152,0.7247,0.7342
292,3385,0,0.0854,0.3154,0.7247,0.7343
293,3385,0,0.0859,0.3154,0.7246,0.7342
294,3385,0,0.0865,0.3155,0.7242,0.7340
295,3385,0,0.0866,0.3159,0.7238,0.7341
296,3385,0,0.0866,0.3162,0.7237,0.7338
297,3385,0,0.0866,0.3165,0.7237,0.7338
298,3385,0,0.0868,0.3168,0.7236,0.7338
299,3385,0,0.0869,0.3172,0.7236,0.7339
300,3385,0,0.0862,0.3176,0.7240,0.7343
301,3385,0,0.0861,0.3177,0.7244,0.7345
302,3385,0,0.0860,0.3179,0.7246,0.7345
303,3385,0,0.0859,0.3180,0.7245,0.7345
304,3385,0,0.0860,0.3182,0.7244,0.7347
305,3385,0,0.0863,0.3182,0.7242,0.7348
306,3385,0,0.0865,0.3181,0.7241,0.7346
307,3385,0,0.0869,0.3183,0.7241,0.7346
308,3385,0,0.0871,0.3182,0.7243,0.7345
309,3385,0,0.0872,0.3181,0.7245,0.7346
310,3385,0,0.0865,0.3183,0.7249,0.7348
311,3385,0,0.0860,0.3183,0.7252,0.7349
312,3385,0,0.0854,0.3183,0.7253,0.7349
313,3385,0,0.0851,0.3182,0.7253,0.7348
314,3385,0,0.0853,0.3182,0.7252,0.7348
315,3385,0,0.0856,0.3183,0.7252,0.7348
316,3385,0,0.0856,0.3183,0.7253,0.7349
317,3385,0,0.0856,0.3182,0.7254,0.7348
318,3385,0,0.0859,0.3181,0.7253,0.7348
319,3385,0,0.0858,0.3178,0.7253,0.7348
320,3385,0,0.0858,0.3178,0.7253,0.7348
321,3385,0,0.0859,0.3178,0.7255,0.7348
322,3385,0,0.0868,0.3180,0.7257,0.7348
