# resolution: 1080,1920
frame,track_id,class,x1_norm,y1_norm,x2_norm,y2_norm
0,3581,0,0.2838,0.2536,0.7310,0.7459
1,3581,0,0.2651,0.2624,0.7290,0.7722
2,3581,0,0.2590,0.2659,0.7284,0.7825
3,3581,0,0.2541,0.2672,0.7287,0.7851
4,3581,0,0.2535,0.2672,0.7290,0.7850
5,3581,0,0.2540,0.2681,0.7291,0.7851
6,3581,0,0.2549,0.2683,0.7296,0.7849
7,3581,0,0.2576,0.2688,0.7302,0.7845
8,3581,0,0.2569,0.2697,0.7301,0.7832
9,3581,0,0.2569,0.2699,0.7299,0.7823
10,3581,0,0.2575,0.2701,0.7299,0.7815
11,3581,0,0.2564,0.2702,0.7299,0.7813
12,3581,0,0.2570,0.2700,0.7291,0.7832
13,3581,0,0.2580,0.2699,0.7292,0.7821
14,3581,0,0.2574,0.2702,0.7293,0.7817
15,3581,0,0.2573,0.2701,0.7291,0.7808
16,3581,0,0.2568,0.2706,0.7287,0.7796
17,3581,0,0.2560,0.2708,0.7272,0.7783
18,3581,0,0.2546,0.2710,0.7266,0.7784
19,3581,0,0.2549,0.2709,0.7260,0.7768
20,3581,0,0.2549,0.2707,0.7255,0.7753
21,3581,0,0.2547,0.2708,0.7259,0.7747
22,3581,0,0.2542,0.2709,0.7265,0.7746
23,3581,0,0.2542,0.2708,0.7262,0.7746
24,3581,0,0.2543,0.2706,0.7263,0.7747
25,3581,0,0.2551,0.2704,0.7264,0.7751
26,3581,0,0.2554,0.2704,0.7265,0.7758
27,3581,0,0.2550,0.2704,0.7266,0.7752
28,3581,0,0.2548,0.2704,0.7265,0.7750
29,3581,0,0.2552,0.2704,0.7264,0.7748
30,3581,0,0.2555,0.2704,0.7264,0.7747
31,3581,0,0.2558,0.2704,0.7266,0.7743
32,3581,0,0.2567,0.2702,0.7266,0.7743
33,3581,0,0.2567,0.2698,0.7264,0.7744
34,3581,0,0.2569,0.2698,0.7264,0.7745
35,3581,0,0.2568,0.2697,0.7262,0.7745
36,3581,0,0.2563,0.2697,0.7265,0.7743
37,3581,0,0.2567,0.2696,0.7270,0.7747
38,3581,0,0.2579,0.2692,0.7274,0.7755
39,3581,0,0.2599,0.2690,0.7276,0.7760
40,3581,0,0.2604,0.2687,0.7278,0.7766
41,3581,0,0.2603,0.2684,0.7282,0.7767
42,3581,0,0.2596,0.2683,0.7281,0.7768
43,3581,0,0.2596,0.2678,0.7277,0.7769
44,3581,0,0.2595,0.2673,0.7278,0.7772
45,3581,0,0.2599,0.2673,0.7274,0.7772
46,3581,0,0.2607,0.2675,0.7273,0.7775
47,3581,0,0.2605,0.2666,0.7270,0.7784
48,3581,0,0.2590,0.2661,0.7272,0.7786
49,3581,0,0.2617,0.2657,0.7275,0.7787
50,3581,0,0.2638,0.2661,0.7276,0.7794
51,3581,0,0.2661,0.2662,0.7278,0.7798
52,3581,0,0.2672,0.2658,0.7279,0.7809
53,3581,0,0.2669,0.2660,0.7285,0.7808
54,3581,0,0.2689,0.2658,0.7286,0.7805
55,3581,0,0.2706,0.2660,0.7288,0.7820
56,3581,0,0.2716,0.2661,0.7292,0.7831
57,3581,0,0.2724,0.2660,0.7293,0.7828
58,3581,0,0.2730,0.2662,0.7295,0.7825
59,3581,0,0.2725,0.2665,0.7301,0.7820
60,3581,0,0.2724,0.2663,0.7297,0.7823
61,3581,0,0.2722,0.2662,0.7296,0.7823
62,3581,0,0.2721,0.2663,0.7296,0.7824
63,3581,0,0.2709,0.2669,0.7300,0.7816
64,3581,0,0.2705,0.2674,0.7300,0.7812
65,3581,0,0.2704,0.2676,0.7302,0.7807
66,3581,0,0.2707,0.2671,0.7295,0.7804
67,3581,0,0.2701,0.2671,0.7293,0.7802
68,3581,0,0.2697,0.2672,0.7292,0.7801
69,3581,0,0.2696,0.2672,0.7293,0.7801
70,3581,0,0.2695,0.2671,0.7292,0.7802
71,3581,0,0.2694,0.2668,0.7292,0.7806
72,3581,0,0.2691,0.2667,0.7292,0.7808
73,3581,0,0.2688,0.2668,0.7294,0.7810
74,3581,0,0.2687,0.2666,0.7294,0.7811
75,3581,0,0.2688,0.2668,0.7295,0.7812
76,3581,0,0.2693,0.2666,0.7294,0.7810
77,3581,0,0.2692,0.2666,0.7297,0.7809
78,3581,0,0.2694,0.2666,0.7296,0.7809
79,3581,0,0.2686,0.2673,0.7298,0.7798
80,3581,0,0.2682,0.2679,0.7299,0.7796
81,3581,0,0.2688,0.2673,0.7295,0.7803
82,3581,0,0.2690,0.2674,0.7290,0.7805
83,3581,0,0.2694,0.2674,0.7285,0.7808
84,3581,0,0.2692,0.2679,0.7283,0.7814
85,3581,0,0.2688,0.2677,0.7284,0.7816
86,3581,0,0.2688,0.2674,0.7282,0.7817
87,3581,0,0.2686,0.2675,0.7284,0.7812
88,3581,0,0.2661,0.2683,0.7287,0.7801
89,3581,0,0.2651,0.2691,0.7286,0.7799
90,3581,0,0.2666,0.2689,0.7284,0.7804
91,3581,0,0.2677,0.2688,0.7285,0.7813
92,3581,0,0.2682,0.2690,0.7285,0.7817
93,3581,0,0.2685,0.2690,0.7283,0.7812
94,3581,0,0.2690,0.2686,0.7281,0.7804
95,3581,0,0.2686,0.2683,0.7279,0.7801
96,3581,0,0.2677,0.2690,0.7280,0.7778
97,3581,0,0.2673,0.2695,0.7279,0.7770
98,3581,0,0.2673,0.2691,0.7281,0.7784
99,3581,0,0.2674,0.2690,0.7282,0.7793
100,3581,0,0.2672,0.2687,0.7279,0.7795
101,3581,0,0.2671,0.2689,0.7278,0.7798
102,3581,0,0.2666,0.2692,0.7275,0.7801
103,3581,0,0.2666,0.2696,0.7276,0.7800
104,3581,0,0.2659,0.2700,0.7277,0.7790
105,3581,0,0.2654,0.2702,0.7276,0.7784
106,3581,0,0.2652,0.2701,0.7274,0.7781
107,3581,0,0.2651,0.2702,0.7277,0.7775
108,3581,0,0.2651,0.2705,0.7280,0.7773
109,3581,0,0.2654,0.2705,0.7282,0.7775
110,3581,0,0.2653,0.2704,0.7286,0.7773
111,3581,0,0.2651,0.2704,0.7287,0.7768
112,3581,0,0.2650,0.2705,0.7288,0.7761
113,3581,0,0.2649,0.2705,0.7290,0.7757
114,3581,0,0.2649,0.2704,0.7290,0.7756
115,3581,0,0.2647,0.2703,0.7289,0.7755
116,3581,0,0.2646,0.2703,0.7288,0.7754
117,3581,0,0.2647,0.2703,0.7287,0.7755
118,3581,0,0.2649,0.2702,0.7286,0.7758
119,3581,0,0.2651,0.2700,0.7283,0.7758
120,3581,0,0.2652,0.2698,0.7280,0.7766
121,3581,0,0.2655,0.2696,0.7281,0.7764
122,3581,0,0.2657,0.2700,0.7281,0.7764
123,3581,0,0.2661,0.2701,0.7282,0.7763
124,3581,0,0.2663,0.2701,0.7279,0.7765
125,3581,0,0.2664,0.2697,0.7280,0.7769
126,3581,0,0.2668,0.2695,0.7282,0.7769
127,3581,0,0.2671,0.2691,0.7282,0.7770
128,3581,0,0.2672,0.2689,0.7275,0.7777
129,3581,0,0.2672,0.2687,0.7273,0.7772
130,3581,0,0.2669,0.2690,0.7270,0.7771
131,3581,0,0.2668,0.2692,0.7268,0.7772
132,3581,0,0.2667,0.2692,0.7265,0.7768
133,3581,0,0.2666,0.2691,0.7266,0.7765
134,3581,0,0.2662,0.2692,0.7266,0.7759
135,3581,0,0.2662,0.2690,0.7266,0.7758
136,3581,0,0.2659,0.2687,0.7269,0.7772
137,3581,0,0.2665,0.2688,0.7274,0.7789
138,3581,0,0.2671,0.2688,0.7277,0.7800
139,3581,0,0.2670,0.2686,0.7276,0.7807
140,3581,0,0.2670,0.2686,0.7276,0.7808
141,3581,0,0.2677,0.2686,0.7277,0.7803
142,3581,0,0.2680,0.2683,0.7279,0.7809
143,3581,0,0.2677,0.2686,0.7278,0.7812
144,3581,0,0.2678,0.2688,0.7276,0.7804
145,3581,0,0.2685,0.2688,0.7279,0.7801
146,3581,0,0.2691,0.2688,0.7281,0.7802
147,3581,0,0.2704,0.2689,0.7281,0.7799
148,3581,0,0.2714,0.2688,0.7284,0.7802
149,3581,0,0.2718,0.2686,0.7284,0.7803
150,3581,0,0.2723,0.2686,0.7284,0.7805
151,3581,0,0.2719,0.2687,0.7287,0.7809
152,3581,0,0.2717,0.2690,0.7290,0.7815
153,3581,0,0.2715,0.2691,0.7291,0.7816
154,3581,0,0.2712,0.2695,0.7290,0.7813
155,3581,0,0.2714,0.2693,0.7284,0.7818
156,3581,0,0.2709,0.2689,0.7282,0.7821
157,3581,0,0.2707,0.2687,0.7283,0.7823
158,3581,0,0.2705,0.2686,0.7282,0.7826
159,3581,0,0.2700,0.2686,0.7282,0.7824
160,3581,0,0.2699,0.2683,0.7284,0.7818
161,3581,0,0.2704,0.2682,0.7281,0.7808
162,3581,0,0.2696,0.2679,0.7286,0.7804
163,3581,0,0.2691,0.2674,0.7289,0.7805
164,3581,0,0.2683,0.2672,0.7288,0.7806
165,3581,0,0.2676,0.2670,0.7286,0.7806
166,3581,0,0.2670,0.2668,0.7285,0.7805
167,3581,0,0.2669,0.2670,0.7285,0.7804
168,3581,0,0.2668,0.2668,0.7285,0.7806
169,3581,0,0.2675,0.2667,0.7285,0.7805
170,3581,0,0.2679,0.2665,0.7285,0.7805
171,3581,0,0.2691,0.2661,0.7281,0.7809
172,3581,0,0.2694,0.2661,0.7280,0.7811
173,3581,0,0.2694,0.2658,0.7278,0.7817
174,3581,0,0.2686,0.2663,0.7277,0.7820
175,3581,0,0.2681,0.2667,0.7277,0.7827
176,3581,0,0.2683,0.2667,0.7275,0.7830
177,3581,0,0.2678,0.2661,0.7272,0.7825
178,3581,0,0.2675,0.2669,0.7269,0.7825
179,3581,0,0.2674,0.2668,0.7270,0.7822
180,3581,0,0.2671,0.2670,0.7272,0.7820
181,3581,0,0.2670,0.2672,0.7275,0.7817
182,3581,0,0.2669,0.2672,0.7276,0.7816
183,3581,0,0.2670,0.2672,0.7276,0.7817
184,3581,0,0.2677,0.2675,0.7275,0.7815
185,3581,0,0.2679,0.2675,0.7274,0.7815
186,3581,0,0.2677,0.2675,0.7275,0.7813
187,3581,0,0.2679,0.2674,0.7275,0.7814
188,3581,0,0.2680,0.2674,0.7271,0.7817
189,3581,0,0.2678,0.2671,0.7266,0.7819
190,3581,0,0.2675,0.2670,0.7264,0.7815
191,3581,0,0.2675,0.2672,0.7266,0.7809
192,3581,0,0.2675,0.2673,0.7267,0.7802
193,3581,0,0.2672,0.2673,0.7271,0.7798
194,3581,0,0.2675,0.2675,0.7272,0.7795
195,3581,0,0.2680,0.2675,0.7272,0.7797
196,3581,0,0.2682,0.2677,0.7273,0.7791
197,3581,0,0.2678,0.2673,0.7276,0.7788
198,3581,0,0.2672,0.2676,0.7271,0.7782
199,3581,0,0.2669,0.2677,0.7268,0.7784
200,3581,0,0.2667,0.2676,0.7263,0.7784
201,3581,0,0.2666,0.2676,0.7258,0.7783
202,3581,0,0.2665,0.2680,0.7251,0.7787
203,3581,0,0.2660,0.2682,0.7242,0.7792
204,3581,0,0.2653,0.2684,0.7242,0.7794
205,3581,0,0.2649,0.2687,0.7244,0.7792
206,3581,0,0.2649,0.2687,0.7250,0.7790
207,3581,0,0.2649,0.2685,0.7252,0.7791
208,3581,0,0.2652,0.2685,0.7259,0.7792
209,3581,0,0.2654,0.2686,0.7258,0.7794
210,3581,0,0.2653,0.2686,0.7257,0.7793
211,3581,0,0.2649,0.2686,0.7252,0.7792
212,3581,0,0.2652,0.2684,0.7251,0.7790
213,3581,0,0.2664,0.2683,0.7250,0.7786
214,3581,0,0.2674,0.2686,0.7247,0.7780
215,3581,0,0.2675,0.2685,0.7246,0.7774
216,3581,0,0.2672,0.2682,0.7252,0.7766
217,3581,0,0.2671,0.2678,0.7254,0.7763
218,3581,0,0.2672,0.2677,0.7256,0.7761
219,3581,0,0.2671,0.2674,0.7257,0.7761
220,3581,0,0.2667,0.2676,0.7255,0.7764
221,3581,0,0.2666,0.2674,0.7252,0.7769
222,3581,0,0.2666,0.2677,0.7250,0.7768
223,3581,0,0.2663,0.2677,0.7257,0.7768
224,3581,0,0.2663,0.2679,0.7261,0.7766
225,3581,0,0.2665,0.2679,0.7261,0.7768
226,3581,0,0.2663,0.2682,0.7266,0.7773
227,3581,0,0.2664,0.2688,0.7268,0.7780
228,3581,0,0.2662,0.2688,0.7267,0.7780
229,3581,0,0.2663,0.2688,0.7265,0.7776
230,3581,0,0.2654,0.2691,0.7267,0.7758
231,3581,0,0.2652,0.2691,0.7270,0.7752
232,3581,0,0.2660,0.2693,0.7273,0.7748
233,3581,0,0.2679,0.2689,0.7274,0.7761
234,3581,0,0.2688,0.2685,0.7273,0.7769
235,3581,0,0.2696,0.2683,0.7270,0.7770
236,3581,0,0.2719,0.2681,0.7268,0.7776
237,3581,0,0.2740,0.2678,0.7269,0.7777
238,3581,0,0.2755,0.2682,0.7272,0.7779
239,3581,0,0.2755,0.2679,0.7271,0.7786
240,3581,0,0.2742,0.2680,0.7267,0.7790
241,3581,0,0.2725,0.2679,0.7265,0.7787
242,3581,0,0.2717,0.2679,0.7263,0.7777
243,3581,0,0.2701,0.2679,0.7263,0.7770
244,3581,0,0.2683,0.2680,0.7259,0.7767
245,3581,0,0.2662,0.2679,0.7268,0.7761
246,3581,0,0.2614,0.2679,0.7269,0.7760
247,3581,0,0.2545,0.2680,0.7271,0.7753
248,3581,0,0.2489,0.2679,0.7270,0.7750
249,3581,0,0.2422,0.2679,0.7268,0.7738
250,3581,0,0.2378,0.2680,0.7265,0.7728
251,3581,0,0.2357,0.2680,0.7265,0.7728
252,3581,0,0.2350,0.2681,0.7265,0.7729
253,3581,0,0.2352,0.2682,0.7265,0.7735
254,3581,0,0.2374,0.2683,0.7267,0.7748
255,3581,0,0.2394,0.2683,0.7267,0.7753
256,3581,0,0.2425,0.2682,0.7273,0.7763
257,3581,0,0.2471,0.2680,0.7276,0.7764
258,3581,0,0.2510,0.2681,0.7274,0.7761
259,3581,0,0.2555,0.2681,0.7274,0.7751
260,3581,0,0.2610,0.2685,0.7273,0.7751
261,3581,0,0.2669,0.2686,0.7274,0.7755
262,3581,0,0.2722,0.2688,0.7273,0.7759
263,3581,0,0.2765,0.2686,0.7272,0.7764
264,3581,0,0.2815,0.2685,0.7271,0.7762
265,3581,0,0.2860,0.2684,0.7269,0.7780
266,3581,0,0.2894,0.2683,0.7268,0.7794
267,3581,0,0.2909,0.2682,0.7265,0.7798
268,3581,0,0.2909,0.2683,0.7265,0.7818
269,3581,0,0.2910,0.2684,0.7268,0.7833
270,3581,0,0.2914,0.2685,0.7270,0.7826
271,3581,0,0.2913,0.2687,0.7270,0.7827
272,3581,0,0.2907,0.2686,0.7269,0.7831
273,3581,0,0.2905,0.2685,0.7270,0.7833
274,3581,0,0.2904,0.2688,0.7268,0.7835
275,3581,0,0.2898,0.2688,0.7267,0.7831
276,3581,0,0.2903,0.2688,0.7264,0.7827
277,3581,0,0.2904,0.2689,0.7263,0.7821
278,3581,0,0.2900,0.2690,0.7263,0.7815
279,3581,0,0.2906,0.2690,0.7262,0.7807
280,3581,0,0.2909,0.2691,0.7262,0.7803
281,3581,0,0.2914,0.2691,0.7263,0.7799
282,3581,0,0.2917,0.2689,0.7266,0.7796
283,3581,0,0.2916,0.2686,0.7266,0.7792
284,3581,0,0.2913,0.2687,0.7268,0.7793
285,3581,0,0.2910,0.2688,0.7268,0.7792
