# resolution: 1080,1920
frame,track_id,class,x1_norm,y1_norm,x2_norm,y2_norm
0,2793,0,0.1616,0.2992,0.6872,0.6902
1,2793,0,0.1157,0.3137,0.7179,0.7202
2,2793,0,0.0938,0.3196,0.7327,0.7321
3,2793,0,0.0849,0.3218,0.7389,0.7364
4,2793,0,0.0818,0.3224,0.7411,0.7376
5,2793,0,0.0811,0.3224,0.7416,0.7378
6,2793,0,0.0813,0.3222,0.7414,0.7375
7,2793,0,0.0819,0.3220,0.7412,0.7371
8,2793,0,0.0826,0.3219,0.7409,0.7367
9,2793,0,0.0832,0.3218,0.7407,0.7362
10,2793,0,0.0839,0.3216,0.7400,0.7358
11,2793,0,0.0844,0.3216,0.7395,0.7354
12,2793,0,0.0847,0.3216,0.7389,0.7351
13,2793,0,0.0851,0.3214,0.7384,0.7348
14,2793,0,0.0855,0.3213,0.7379,0.7345
15,2793,0,0.0858,0.3211,0.7376,0.7342
16,2793,0,0.0864,0.3212,0.7372,0.7340
17,2793,0,0.0868,0.3213,0.7369,0.7337
18,2793,0,0.0871,0.3216,0.7364,0.7336
19,2793,0,0.0873,0.3217,0.7362,0.7333
20,2793,0,0.0876,0.3218,0.7362,0.7331
21,2793,0,0.0877,0.3218,0.7360,0.7330
22,2793,0,0.0879,0.3217,0.7360,0.7329
23,2793,0,0.0880,0.3216,0.7359,0.7329
24,2793,0,0.0882,0.3216,0.7358,0.7329
25,2793,0,0.0883,0.3216,0.7357,0.7329
26,2793,0,0.0884,0.3215,0.7356,0.7328
27,2793,0,0.0885,0.3215,0.7355,0.7328
28,2793,0,0.0886,0.3217,0.7353,0.7327
29,2793,0,0.0889,0.3216,0.7355,0.7326
30,2793,0,0.0889,0.3216,0.7354,0.7327
31,2793,0,0.0889,0.3215,0.7353,0.7327
32,2793,0,0.0890,0.3216,0.7352,0.7327
33,2793,0,0.0891,0.3216,0.7351,0.7326
34,2793,0,0.0892,0.3215,0.7353,0.7325
35,2793,0,0.0893,0.3214,0.7353,0.7324
36,2793,0,0.0893,0.3214,0.7353,0.7324
37,2793,0,0.0892,0.3215,0.7353,0.7324
38,2793,0,0.0891,0.3215,0.7352,0.7324
39,2793,0,0.0891,0.3218,0.7354,0.7325
40,2793,0,0.0890,0.3220,0.7356,0.7325
41,2793,0,0.0892,0.3220,0.7356,0.7325
42,2793,0,0.0891,0.3220,0.7357,0.7325
43,2793,0,0.0892,0.3217,0.7357,0.7325
44,2793,0,0.0891,0.3216,0.7358,0.7324
45,2793,0,0.0890,0.3216,0.7358,0.7324
46,2793,0,0.0890,0.3215,0.7358,0.7325
47,2793,0,0.0891,0.3216,0.7359,0.7326
48,2793,0,0.0890,0.3217,0.7358,0.7326
49,2793,0,0.0890,0.3220,0.7359,0.7326
50,2793,0,0.0890,0.3221,0.7359,0.7324
51,2793,0,0.0891,0.3221,0.7359,0.7324
52,2793,0,0.0891,0.3221,0.7359,0.7324
53,2793,0,0.0892,0.3218,0.7358,0.7323
54,2793,0,0.0890,0.3217,0.7356,0.7324
55,2793,0,0.0888,0.3216,0.7354,0.7324
56,2793,0,0.0890,0.3217,0.7354,0.7324
57,2793,0,0.0891,0.3217,0.7353,0.7324
58,2793,0,0.0891,0.3217,0.7354,0.7325
59,2793,0,0.0892,0.3218,0.7354,0.7324
60,2793,0,0.0892,0.3217,0.7354,0.7324
61,2793,0,0.0892,0.3216,0.7354,0.7324
62,2793,0,0.0892,0.3216,0.7354,0.7324
63,2793,0,0.0894,0.3216,0.7353,0.7324
64,2793,0,0.0894,0.3216,0.7353,0.7323
65,2793,0,0.0896,0.3215,0.7352,0.7323
66,2793,0,0.0898,0.3214,0.7351,0.7323
67,2793,0,0.0900,0.3214,0.7351,0.7324
68,2793,0,0.0900,0.3213,0.7349,0.7324
69,2793,0,0.0898,0.3215,0.7348,0.7325
70,2793,0,0.0897,0.3217,0.7346,0.7325
71,2793,0,0.0897,0.3217,0.7344,0.7325
72,2793,0,0.0898,0.3217,0.7342,0.7325
73,2793,0,0.0897,0.3216,0.7343,0.7325
74,2793,0,0.0896,0.3215,0.7343,0.7325
75,2793,0,0.0896,0.3215,0.7342,0.7325
76,2793,0,0.0896,0.3216,0.7343,0.7325
77,2793,0,0.0897,0.3218,0.7344,0.7325
78,2793,0,0.0894,0.3221,0.7349,0.7327
79,2793,0,0.0892,0.3221,0.7347,0.7326
80,2793,0,0.0893,0.3221,0.7348,0.7326
81,2793,0,0.0892,0.3221,0.7350,0.7326
82,2793,0,0.0892,0.3224,0.7351,0.7327
83,2793,0,0.0892,0.3224,0.7352,0.7327
84,2793,0,0.0894,0.3223,0.7352,0.7326
85,2793,0,0.0894,0.3224,0.7351,0.7325
86,2793,0,0.0895,0.3224,0.7350,0.7325
87,2793,0,0.0895,0.3224,0.7350,0.7325
88,2793,0,0.0896,0.3225,0.7350,0.7325
89,2793,0,0.0897,0.3225,0.7349,0.7325
90,2793,0,0.0897,0.3226,0.7348,0.7325
91,2793,0,0.0897,0.3225,0.7347,0.7325
92,2793,0,0.0898,0.3226,0.7347,0.7327
93,2793,0,0.0898,0.3228,0.7347,0.7327
94,2793,0,0.0899,0.3228,0.7350,0.7328
95,2793,0,0.0900,0.3229,0.7356,0.7327
96,2793,0,0.0900,0.3227,0.7361,0.7326
97,2793,0,0.0899,0.3224,0.7364,0.7327
98,2793,0,0.0897,0.3220,0.7368,0.7325
99,2793,0,0.0897,0.3219,0.7371,0.7324
100,2793,0,0.0896,0.3219,0.7370,0.7324
101,2793,0,0.0896,0.3221,0.7370,0.7324
102,2793,0,0.0895,0.3221,0.7370,0.7324
103,2793,0,0.0894,0.3223,0.7369,0.7325
104,2793,0,0.0895,0.3224,0.7368,0.7325
105,2793,0,0.0896,0.3226,0.7367,0.7326
106,2793,0,0.0896,0.3225,0.7367,0.7325
107,2793,0,0.0895,0.3226,0.7367,0.7326
108,2793,0,0.0894,0.3227,0.7365,0.7325
109,2793,0,0.0892,0.3224,0.7363,0.7325
110,2793,0,0.0892,0.3223,0.7364,0.7324
111,2793,0,0.0892,0.3222,0.7366,0.7323
112,2793,0,0.0891,0.3221,0.7366,0.7323
113,2793,0,0.0891,0.3220,0.7365,0.7323
114,2793,0,0.0891,0.3220,0.7363,0.7324
115,2793,0,0.0893,0.3221,0.7363,0.7324
116,2793,0,0.0893,0.3222,0.7362,0.7324
117,2793,0,0.0894,0.3226,0.7360,0.7325
118,2793,0,0.0894,0.3227,0.7358,0.7325
119,2793,0,0.0895,0.3229,0.7357,0.7325
120,2793,0,0.0895,0.3229,0.7359,0.7325
121,2793,0,0.0893,0.3228,0.7359,0.7325
122,2793,0,0.0892,0.3226,0.7359,0.7325
123,2793,0,0.0892,0.3223,0.7357,0.7324
124,2793,0,0.0892,0.3220,0.7356,0.7325
125,2793,0,0.0891,0.3220,0.7356,0.7325
126,2793,0,0.0890,0.3220,0.7357,0.7325
127,2793,0,0.0890,0.3219,0.7356,0.7325
128,2793,0,0.0891,0.3222,0.7359,0.7327
129,2793,0,0.0890,0.3221,0.7361,0.7329
130,2793,0,0.0889,0.3221,0.7361,0.7330
131,2793,0,0.0889,0.3220,0.7362,0.7330
132,2793,0,0.0888,0.3218,0.7363,0.7331
133,2793,0,0.0887,0.3218,0.7363,0.7332
134,2793,0,0.0888,0.3219,0.7363,0.7332
135,2793,0,0.0887,0.3221,0.7363,0.7332
136,2793,0,0.0887,0.3222,0.7363,0.7331
137,2793,0,0.0887,0.3223,0.7362,0.7331
138,2793,0,0.0887,0.3222,0.7362,0.7329
139,2793,0,0.0887,0.3224,0.7362,0.7329
140,2793,0,0.0891,0.3224,0.7361,0.7328
141,2793,0,0.0894,0.3224,0.7359,0.7327
142,2793,0,0.0895,0.3222,0.7358,0.7327
143,2793,0,0.0895,0.3221,0.7357,0.7325
144,2793,0,0.0892,0.3220,0.7357,0.7326
145,2793,0,0.0891,0.3219,0.7357,0.7326
146,2793,0,0.0890,0.3219,0.7356,0.7327
147,2793,0,0.0890,0.3219,0.7357,0.7327
148,2793,0,0.0893,0.3218,0.7357,0.7328
149,2793,0,0.0894,0.3219,0.7358,0.7329
150,2793,0,0.0896,0.3218,0.7360,0.7327
151,2793,0,0.0897,0.3218,0.7361,0.7327
152,2793,0,0.0897,0.3218,0.7361,0.7326
153,2793,0,0.0896,0.3218,0.7361,0.7327
154,2793,0,0.0898,0.3218,0.7361,0.7326
155,2793,0,0.0900,0.3218,0.7361,0.7326
156,2793,0,0.0900,0.3218,0.7354,0.7326
157,2793,0,0.0899,0.3218,0.7350,0.7327
158,2793,0,0.0899,0.3219,0.7347,0.7325
159,2793,0,0.0899,0.3220,0.7345,0.7325
160,2793,0,0.0899,0.3219,0.7345,0.7324
161,2793,0,0.0897,0.3219,0.7347,0.7325
162,2793,0,0.0896,0.3220,0.7348,0.7325
163,2793,0,0.0896,0.3220,0.7350,0.7324
164,2793,0,0.0899,0.3221,0.7348,0.7324
165,2793,0,0.0900,0.3221,0.7349,0.7324
166,2793,0,0.0902,0.3220,0.7347,0.7323
167,2793,0,0.0902,0.3220,0.7346,0.7324
168,2793,0,0.0899,0.3218,0.7345,0.7324
169,2793,0,0.0899,0.3217,0.7344,0.7325
170,2793,0,0.0898,0.3217,0.7343,0.7325
171,2793,0,0.0898,0.3218,0.7343,0.7325
172,2793,0,0.0898,0.3218,0.7342,0.7325
173,2793,0,0.0898,0.3217,0.7343,0.7325
174,2793,0,0.0899,0.3218,0.7344,0.7326
175,2793,0,0.0899,0.3219,0.7346,0.7326
176,2793,0,0.0899,0.3219,0.7347,0.7326
177,2793,0,0.0901,0.3220,0.7348,0.7326
178,2793,0,0.0902,0.3220,0.7349,0.7325
179,2793,0,0.0902,0.3221,0.7350,0.7324
180,2793,0,0.0902,0.3221,0.7352,0.7324
181,2793,0,0.0903,0.3221,0.7353,0.7323
182,2793,0,0.0901,0.3221,0.7354,0.7324
183,2793,0,0.0900,0.3220,0.7354,0.7322
184,2793,0,0.0899,0.3220,0.7355,0.7322
185,2793,0,0.0898,0.3221,0.7354,0.7323
186,2793,0,0.0896,0.3221,0.7353,0.7322
187,2793,0,0.0896,0.3221,0.7353,0.7321
188,2793,0,0.0896,0.3221,0.7354,0.7322
189,2793,0,0.0896,0.3219,0.7354,0.7323
190,2793,0,0.0896,0.3218,0.7354,0.7323
191,2793,0,0.0896,0.3216,0.7353,0.7324
192,2793,0,0.0897,0.3212,0.7354,0.7323
193,2793,0,0.0896,0.3210,0.7355,0.7323
194,2793,0,0.0896,0.3210,0.7357,0.7322
195,2793,0,0.0897,0.3207,0.7356,0.7324
196,2793,0,0.0897,0.3206,0.7354,0.7326
197,2793,0,0.0897,0.3205,0.7353,0.7326
198,2793,0,0.0898,0.3202,0.7351,0.7326
199,2793,0,0.0897,0.3198,0.7348,0.7326
200,2793,0,0.0898,0.3197,0.7346,0.7326
201,2793,0,0.0898,0.3196,0.7348,0.7326
202,2793,0,0.0897,0.3197,0.7349,0.7327
203,2793,0,0.0896,0.3197,0.7349,0.7327
204,2793,0,0.0896,0.3198,0.7352,0.7328
205,2793,0,0.0896,0.3200,0.7356,0.7327
206,2793,0,0.0896,0.3200,0.7358,0.7326
207,2793,0,0.0897,0.3200,0.7353,0.7326
208,2793,0,0.0897,0.3201,0.7351,0.7327
209,2793,0,0.0898,0.3201,0.7349,0.7327
210,2793,0,0.0894,0.3203,0.7347,0.7328
211,2793,0,0.0893,0.3202,0.7346,0.7328
212,2793,0,0.0891,0.3202,0.7346,0.7329
213,2793,0,0.0890,0.3200,0.7345,0.7328
214,2793,0,0.0890,0.3198,0.7344,0.7327
215,2793,0,0.0890,0.3198,0.7344,0.7328
216,2793,0,0.0891,0.3199,0.7345,0.7326
217,2793,0,0.0894,0.3199,0.7344,0.7326
218,2793,0,0.0895,0.3200,0.7343,0.7326
219,2793,0,0.0896,0.3201,0.7342,0.7326
220,2793,0,0.0897,0.3203,0.7342,0.7325
221,2793,0,0.0898,0.3203,0.7343,0.7324
222,2793,0,0.0899,0.3204,0.7345,0.7324
223,2793,0,0.0900,0.3204,0.7347,0.7324
224,2793,0,0.0901,0.3204,0.7348,0.7323
225,2793,0,0.0902,0.3205,0.7346,0.7324
226,2793,0,0.0903,0.3201,0.7333,0.7324
227,2793,0,0.0904,0.3204,0.7314,0.7324
228,2793,0,0.0903,0.3203,0.7294,0.7324
229,2793,0,0.0902,0.3202,0.7279,0.7325
230,2793,0,0.0900,0.3199,0.7270,0.7326
231,2793,0,0.0901,0.3194,0.7260,0.7326
232,2793,0,0.0902,0.3191,0.7258,0.7326
233,2793,0,0.0903,0.3188,0.7254,0.7327
234,2793,0,0.0904,0.3184,0.7245,0.7329
235,2793,0,0.0904,0.3177,0.7239,0.7330
236,2793,0,0.0904,0.3171,0.7235,0.7333
237,2793,0,0.0904,0.3166,0.7224,0.7334
238,2793,0,0.0904,0.3158,0.7216,0.7335
239,2793,0,0.0904,0.3157,0.7215,0.7336
240,2793,0,0.0901,0.3158,0.7213,0.7336
241,2793,0,0.0900,0.3157,0.7216,0.7335
242,2793,0,0.0900,0.3156,0.7223,0.7337
243,2793,0,0.0900,0.3158,0.7233,0.7338
244,2793,0,0.0900,0.3164,0.7246,0.7336
245,2793,0,0.0900,0.3165,0.7261,0.7335
246,2793,0,0.0900,0.3165,0.7278,0.7334
247,2793,0,0.0897,0.3174,0.7303,0.7334
248,2793,0,0.0896,0.3185,0.7325,0.7335
249,2793,0,0.0897,0.3184,0.7339,0.7334
250,2793,0,0.0898,0.3186,0.7353,0.7335
251,2793,0,0.0897,0.3185,0.7354,0.7335
252,2793,0,0.0899,0.3181,0.7347,0.7335
253,2793,0,0.0899,0.3180,0.7335,0.7335
254,2793,0,0.0900,0.3179,0.7321,0.7334
255,2793,0,0.0900,0.3172,0.7302,0.7334
256,2793,0,0.0898,0.3169,0.7288,0.7334
257,2793,0,0.0894,0.3165,0.7274,0.7331
258,2793,0,0.0892,0.3159,0.7266,0.7331
259,2793,0,0.0891,0.3154,0.7263,0.7331
260,2793,0,0.0890,0.3159,0.7266,0.7330
261,2793,0,0.0892,0.3160,0.7286,0.7328
262,2793,0,0.0888,0.3161,0.7307,0.7330
263,2793,0,0.0887,0.3156,0.7323,0.7332
264,2793,0,0.0881,0.3152,0.7332,0.7332
265,2793,0,0.0872,0.3153,0.7340,0.7333
266,2793,0,0.0869,0.3155,0.7348,0.7334
267,2793,0,0.0867,0.3163,0.7351,0.7336
268,2793,0,0.0866,0.3166,0.7356,0.7335
269,2793,0,0.0868,0.3167,0.7356,0.7333
270,2793,0,0.0873,0.3166,0.7350,0.7330
271,2793,0,0.0876,0.3176,0.7347,0.7329
272,2793,0,0.0876,0.3182,0.7345,0.7327
273,2793,0,0.0877,0.3183,0.7349,0.7327
274,2793,0,0.0878,0.3193,0.7347,0.7326
275,2793,0,0.0882,0.3195,0.7337,0.7323
276,2793,0,0.0889,0.3197,0.7324,0.7322
277,2793,0,0.0894,0.3197,0.7315,0.7322
278,2793,0,0.0896,0.3196,0.7310,0.7324
279,2793,0,0.0895,0.3197,0.7323,0.7326
280,2793,0,0.0895,0.3193,0.7337,0.7328
281,2793,0,0.0894,0.3192,0.7349,0.7329
282,2793,0,0.0895,0.3192,0.7357,0.7328
283,2793,0,0.0895,0.3194,0.7358,0.7327
284,2793,0,0.0894,0.3193,0.7354,0.7326
285,2793,0,0.0890,0.3198,0.7352,0.7327
286,2793,0,0.0888,0.3205,0.7353,0.7326
287,2793,0,0.0892,0.3215,0.7353,0.7326
288,2793,0,0.0893,0.3219,0.7355,0.7325
289,2793,0,0.0892,0.3222,0.7355,0.7326
290,2793,0,0.0889,0.3226,0.7355,0.7326
291,2793,0,0.0886,0.3229,0.7357,0.7327
292,2793,0,0.0885,0.3228,0.7356,0.7330
293,2793,0,0.0881,0.3228,0.7353,0.7329
294,2793,0,0.0882,0.3226,0.7351,0.7327
295,2793,0,0.0882,0.3224,0.7350,0.7327
296,2793,0,0.0881,0.3223,0.7350,0.7327
297,2793,0,0.0878,0.3222,0.7349,0.7327
298,2793,0,0.0876,0.3222,0.7349,0.7328
299,2793,0,0.0876,0.3221,0.7349,0.7328
300,2793,0,0.0875,0.3222,0.7349,0.7328
301,2793,0,0.0875,0.3222,0.7348,0.7328
302,2793,0,0.0875,0.3223,0.7347,0.7328
303,2793,0,0.0876,0.3222,0.7347,0.7327
304,2793,0,0.0877,0.3223,0.7346,0.7328
305,2793,0,0.0878,0.3222,0.7343,0.7329
306,2793,0,0.0879,0.3221,0.7341,0.7328
307,2793,0,0.0878,0.3220,0.7340,0.7328
308,2793,0,0.0878,0.3222,0.7339,0.7328
309,2793,0,0.0876,0.3223,0.7338,0.7328
310,2793,0,0.0875,0.3223,0.7338,0.7329
311,2793,0,0.0874,0.3222,0.7340,0.7329
312,2793,0,0.0874,0.3221,0.7341,0.7330
313,2793,0,0.0875,0.3219,0.7342,0.7332
314,2793,0,0.0875,0.3221,0.7342,0.7332
315,2793,0,0.0877,0.3222,0.7341,0.7332
316,2793,0,0.0879,0.3220,0.7341,0.7332
317,2793,0,0.0882,0.3209,0.7348,0.7332
318,2793,0,0.0878,0.3202,0.7353,0.7332
319,2793,0,0.0876,0.3203,0.7354,0.7331
320,2793,0,0.0874,0.3200,0.7350,0.7332
321,2793,0,0.0874,0.3193,0.7350,0.7332
322,2793,0,0.0872,0.3191,0.7348,0.7333
