# resolution: 1080,1920
frame,track_id,class,x1_norm,y1_norm,x2_norm,y2_norm
0,67,0,0.2359,0.2309,0.8948,0.7105
1,67,0,0.1271,0.2490,0.8389,0.7216
2,67,0,0.0818,0.2571,0.8154,0.7256
3,67,0,0.0647,0.2606,0.8064,0.7274
4,67,0,0.0590,0.2624,0.8036,0.7277
5,67,0,0.0583,0.2627,0.8032,0.7278
6,67,0,0.0588,0.2625,0.8036,0.7277
7,67,0,0.0602,0.2624,0.8044,0.7275
8,67,0,0.0619,0.2621,0.8052,0.7274
9,67,0,0.0634,0.2616,0.8062,0.7273
10,67,0,0.0649,0.2619,0.8070,0.7270
11,67,0,0.0657,0.2623,0.8075,0.7269
12,67,0,0.0668,0.2626,0.8080,0.7267
13,67,0,0.0676,0.2629,0.8084,0.7266
14,67,0,0.0684,0.2631,0.8088,0.7263
15,67,0,0.0686,0.2630,0.8092,0.7262
16,67,0,0.0686,0.2629,0.8095,0.7262
17,67,0,0.0689,0.2625,0.8095,0.7262
18,67,0,0.0695,0.2623,0.8096,0.7262
19,67,0,0.0701,0.2628,0.8100,0.7262
20,67,0,0.0704,0.2635,0.8106,0.7261
21,67,0,0.0709,0.2641,0.8110,0.7260
22,67,0,0.0714,0.2636,0.8115,0.7259
23,67,0,0.0719,0.2632,0.8119,0.7260
24,67,0,0.0720,0.2630,0.8121,0.7262
25,67,0,0.0721,0.2630,0.8122,0.7262
26,67,0,0.0721,0.2631,0.8123,0.7264
27,67,0,0.0723,0.2634,0.8122,0.7262
28,67,0,0.0725,0.2639,0.8122,0.7262
29,67,0,0.0733,0.2646,0.8123,0.7260
30,67,0,0.0736,0.2650,0.8124,0.7259
31,67,0,0.0740,0.2652,0.8126,0.7258
32,67,0,0.0740,0.2650,0.8128,0.7258
33,67,0,0.0739,0.2644,0.8128,0.7258
34,67,0,0.0740,0.2640,0.8130,0.7259
35,67,0,0.0736,0.2633,0.8132,0.7260
36,67,0,0.0734,0.2627,0.8133,0.7260
37,67,0,0.0736,0.2627,0.8132,0.7261
38,67,0,0.0738,0.2623,0.8130,0.7261
39,67,0,0.0739,0.2620,0.8132,0.7260
40,67,0,0.0736,0.2625,0.8133,0.7262
41,67,0,0.0739,0.2627,0.8136,0.7262
42,67,0,0.0735,0.2632,0.8140,0.7262
43,67,0,0.0734,0.2631,0.8144,0.7262
44,67,0,0.0735,0.2631,0.8146,0.7261
45,67,0,0.0740,0.2633,0.8146,0.7262
46,67,0,0.0742,0.2636,0.8146,0.7260
47,67,0,0.0745,0.2640,0.8148,0.7259
48,67,0,0.0745,0.2640,0.8150,0.7258
49,67,0,0.0745,0.2638,0.8150,0.7259
50,67,0,0.0746,0.2635,0.8148,0.7260
51,67,0,0.0746,0.2635,0.8149,0.7261
52,67,0,0.0745,0.2635,0.8149,0.7260
53,67,0,0.0748,0.2635,0.8148,0.7259
54,67,0,0.0751,0.2639,0.8149,0.7258
55,67,0,0.0752,0.2639,0.8147,0.7257
56,67,0,0.0752,0.2641,0.8146,0.7255
57,67,0,0.0750,0.2642,0.8145,0.7255
58,67,0,0.0752,0.2641,0.8143,0.7256
59,67,0,0.0750,0.2641,0.8140,0.7256
60,67,0,0.0748,0.2642,0.8137,0.7255
61,67,0,0.0746,0.2643,0.8135,0.7254
62,67,0,0.0744,0.2645,0.8131,0.7253
63,67,0,0.0744,0.2646,0.8126,0.7250
64,67,0,0.0748,0.2644,0.8119,0.7249
65,67,0,0.0748,0.2644,0.8114,0.7247
66,67,0,0.0751,0.2641,0.8113,0.7247
67,67,0,0.0748,0.2638,0.8110,0.7249
68,67,0,0.0745,0.2639,0.8108,0.7252
69,67,0,0.0746,0.2639,0.8105,0.7251
70,67,0,0.0747,0.2640,0.8102,0.7250
71,67,0,0.0747,0.2640,0.8103,0.7250
72,67,0,0.0747,0.2642,0.8104,0.7249
73,67,0,0.0747,0.2645,0.8104,0.7250
74,67,0,0.0747,0.2644,0.8104,0.7250
75,67,0,0.0750,0.2647,0.8101,0.7248
76,67,0,0.0747,0.2645,0.8097,0.7246
77,67,0,0.0743,0.2645,0.8095,0.7245
78,67,0,0.0740,0.2646,0.8095,0.7246
79,67,0,0.0738,0.2649,0.8094,0.7247
80,67,0,0.0741,0.2648,0.8094,0.7247
81,67,0,0.0741,0.2646,0.8093,0.7246
82,67,0,0.0735,0.2645,0.8093,0.7246
83,67,0,0.0733,0.2644,0.8093,0.7246
84,67,0,0.0735,0.2643,0.8092,0.7249
85,67,0,0.0738,0.2637,0.8092,0.7251
86,67,0,0.0742,0.2639,0.8096,0.7250
87,67,0,0.0745,0.2637,0.8099,0.7249
88,67,0,0.0741,0.2638,0.8098,0.7251
89,67,0,0.0745,0.2636,0.8101,0.7251
90,67,0,0.0748,0.2637,0.8104,0.7248
91,67,0,0.0747,0.2639,0.8104,0.7249
92,67,0,0.0747,0.2637,0.8108,0.7249
93,67,0,0.0766,0.2637,0.8109,0.7245
94,67,0,0.0784,0.2637,0.8109,0.7243
95,67,0,0.0826,0.2638,0.8103,0.7238
96,67,0,0.0883,0.2629,0.8091,0.7236
97,67,0,0.0939,0.2613,0.8068,0.7239
98,67,0,0.0991,0.2605,0.8044,0.7240
99,67,0,0.1062,0.2593,0.8014,0.7233
100,67,0,0.1105,0.2582,0.7986,0.7219
101,67,0,0.1108,0.2561,0.7932,0.7224
102,67,0,0.1125,0.2539,0.7868,0.7222
103,67,0,0.1174,0.2523,0.7791,0.7217
104,67,0,0.1233,0.2514,0.7673,0.7209
105,67,0,0.1245,0.2502,0.7559,0.7195
106,67,0,0.1356,0.2517,0.7374,0.7193
107,67,0,0.1375,0.2530,0.7248,0.7184
108,67,0,0.1371,0.2544,0.7145,0.7182
109,67,0,0.1223,0.2562,0.7114,0.7183
110,67,0,0.1287,0.2570,0.7067,0.7188
111,67,0,0.1306,0.2582,0.6961,0.7192
112,67,0,0.1281,0.2604,0.6878,0.7190
113,67,0,0.1247,0.2605,0.6825,0.7191
114,67,0,0.1231,0.2604,0.6776,0.7194
115,67,0,0.1203,0.2596,0.6709,0.7179
116,67,0,0.1230,0.2588,0.6650,0.7172
117,67,0,0.1219,0.2581,0.6594,0.7155
118,67,0,0.1229,0.2580,0.6547,0.7153
119,67,0,0.1211,0.2584,0.6490,0.7153
120,67,0,0.1206,0.2577,0.6483,0.7160
121,67,0,0.1219,0.2547,0.6466,0.7172
122,67,0,0.1220,0.2525,0.6477,0.7186
123,67,0,0.1178,0.2485,0.6561,0.7198
124,67,0,0.1181,0.2467,0.6639,0.7199
125,67,0,0.1225,0.2462,0.6738,0.7187
126,67,0,0.1284,0.2466,0.6824,0.7154
127,67,0,0.1360,0.2479,0.6899,0.7144
128,67,0,0.1356,0.2485,0.6983,0.7144
129,67,0,0.1345,0.2497,0.7058,0.7139
130,67,0,0.1278,0.2516,0.7126,0.7140
131,67,0,0.1171,0.2529,0.7185,0.7149
132,67,0,0.1097,0.2540,0.7240,0.7153
133,67,0,0.1024,0.2550,0.7272,0.7156
134,67,0,0.1002,0.2564,0.7296,0.7161
135,67,0,0.0970,0.2584,0.7318,0.7160
136,67,0,0.0956,0.2592,0.7329,0.7152
137,67,0,0.0862,0.2599,0.7313,0.7109
138,67,0,0.0897,0.2599,0.7316,0.7077
139,67,0,0.0919,0.2598,0.7306,0.7013
140,67,0,0.0920,0.2593,0.7295,0.6965
141,67,0,0.0911,0.2585,0.7282,0.6894
142,67,0,0.0901,0.2588,0.7259,0.6821
143,67,0,0.0888,0.2594,0.7241,0.6781
144,67,0,0.0765,0.2601,0.7214,0.6784
145,67,0,0.0731,0.2606,0.7182,0.6792
146,67,0,0.0747,0.2606,0.7151,0.6814
147,67,0,0.0773,0.2598,0.7115,0.6869
148,67,0,0.0836,0.2588,0.7067,0.6923
149,67,0,0.0859,0.2578,0.6987,0.6966
150,67,0,0.0880,0.2571,0.6916,0.6975
151,67,0,0.0913,0.2570,0.6841,0.6979
152,67,0,0.0933,0.2566,0.6718,0.6984
153,67,0,0.0930,0.2566,0.6597,0.6991
154,67,0,0.0928,0.2563,0.6492,0.6996
155,67,0,0.0911,0.2548,0.6433,0.6998
156,67,0,0.0891,0.2534,0.6385,0.7001
157,67,0,0.0845,0.2522,0.6326,0.6969
158,67,0,0.0802,0.2508,0.6269,0.6964
159,67,0,0.0786,0.2502,0.6221,0.6958
160,67,0,0.0793,0.2509,0.6201,0.6957
161,67,0,0.0797,0.2521,0.6205,0.6956
162,67,0,0.0831,0.2534,0.6240,0.6951
163,67,0,0.0838,0.2537,0.6295,0.6941
164,67,0,0.0860,0.2533,0.6341,0.7006
165,67,0,0.0858,0.2529,0.6408,0.7018
166,67,0,0.0847,0.2531,0.6477,0.7014
167,67,0,0.0846,0.2541,0.6548,0.7005
168,67,0,0.0858,0.2545,0.6608,0.6999
169,67,0,0.0871,0.2548,0.6674,0.6988
170,67,0,0.0882,0.2549,0.6744,0.6976
171,67,0,0.0886,0.2559,0.6802,0.6969
172,67,0,0.0884,0.2567,0.6838,0.6970
173,67,0,0.0849,0.2576,0.6862,0.6981
174,67,0,0.0831,0.2588,0.6884,0.6984
175,67,0,0.0837,0.2602,0.6905,0.6979
176,67,0,0.0770,0.2611,0.6927,0.6982
177,67,0,0.0657,0.2626,0.6955,0.6983
178,67,0,0.0564,0.2636,0.7016,0.6996
179,67,0,0.0449,0.2638,0.7053,0.7007
180,67,0,0.0314,0.2644,0.7087,0.7028
181,67,0,0.0238,0.2650,0.7106,0.6959
182,67,0,0.0216,0.2658,0.7111,0.6963
183,67,0,0.0221,0.2661,0.7114,0.6993
184,67,0,0.0219,0.2663,0.7111,0.6999
185,67,0,0.0213,0.2666,0.7107,0.6999
186,67,0,0.0215,0.2666,0.7106,0.6992
187,67,0,0.0219,0.2665,0.7105,0.6974
188,67,0,0.0209,0.2665,0.7100,0.6968
189,67,0,0.0201,0.2669,0.7099,0.6977
190,67,0,0.0202,0.2673,0.7096,0.6981
191,67,0,0.0207,0.2674,0.7094,0.6985
192,67,0,0.0213,0.2676,0.7093,0.6987
193,67,0,0.0219,0.2676,0.7092,0.6987
194,67,0,0.0237,0.2677,0.7090,0.6990
195,67,0,0.0238,0.2680,0.7085,0.6990
196,67,0,0.0244,0.2681,0.7081,0.6990
197,67,0,0.0247,0.2683,0.7076,0.6992
198,67,0,0.0250,0.2685,0.7074,0.6992
199,67,0,0.0252,0.2687,0.7077,0.6991
200,67,0,0.0261,0.2689,0.7078,0.6992
201,67,0,0.0270,0.2691,0.7078,0.6993
202,67,0,0.0269,0.2693,0.7074,0.6995
203,67,0,0.0269,0.2691,0.7069,0.6996
204,67,0,0.0269,0.2691,0.7069,0.6997
205,67,0,0.0274,0.2691,0.7067,0.6995
206,67,0,0.0274,0.2692,0.7067,0.6997
207,67,0,0.0274,0.2692,0.7067,0.6997
208,67,0,0.0269,0.2692,0.7069,0.6997
209,67,0,0.0264,0.2692,0.7066,0.7009
210,67,0,0.0264,0.2691,0.7069,0.7015
211,67,0,0.0260,0.2690,0.7071,0.7015
212,67,0,0.0255,0.2691,0.7073,0.7012
213,67,0,0.0264,0.2693,0.7070,0.7010
214,67,0,0.0274,0.2693,0.7069,0.7015
215,67,0,0.0291,0.2693,0.7070,0.7019
216,67,0,0.0285,0.2694,0.7067,0.7021
217,67,0,0.0264,0.2693,0.7067,0.7015
218,67,0,0.0249,0.2694,0.7067,0.7012
219,67,0,0.0238,0.2694,0.7067,0.7005
220,67,0,0.0230,0.2693,0.7069,0.7003
221,67,0,0.0224,0.2692,0.7072,0.7005
222,67,0,0.0231,0.2691,0.7076,0.7005
223,67,0,0.0226,0.2690,0.7084,0.7002
224,67,0,0.0223,0.2688,0.7084,0.6997
225,67,0,0.0231,0.2687,0.7083,0.6997
226,67,0,0.0229,0.2685,0.7075,0.6998
227,67,0,0.0231,0.2686,0.7075,0.6995
228,67,0,0.0230,0.2684,0.7077,0.6993
229,67,0,0.0214,0.2688,0.7065,0.7058
230,67,0,0.0207,0.2690,0.7057,0.7086
231,67,0,0.0203,0.2692,0.7054,0.7091
232,67,0,0.0205,0.2692,0.7052,0.7095
233,67,0,0.0238,0.2685,0.7061,0.7042
234,67,0,0.0245,0.2682,0.7071,0.7032
235,67,0,0.0243,0.2679,0.7085,0.7027
236,67,0,0.0237,0.2679,0.7101,0.7020
237,67,0,0.0237,0.2678,0.7125,0.7022
238,67,0,0.0243,0.2675,0.7138,0.7027
239,67,0,0.0259,0.2674,0.7149,0.7018
240,67,0,0.0265,0.2673,0.7159,0.7013
241,67,0,0.0290,0.2672,0.7161,0.7010
242,67,0,0.0291,0.2669,0.7163,0.7011
243,67,0,0.0287,0.2669,0.7160,0.7014
244,67,0,0.0258,0.2669,0.7159,0.7020
245,67,0,0.0247,0.2668,0.7158,0.7022
246,67,0,0.0222,0.2669,0.7159,0.7025
247,67,0,0.0208,0.2671,0.7161,0.7022
248,67,0,0.0164,0.2673,0.7160,0.7020
249,67,0,0.0246,0.2671,0.7164,0.7004
250,67,0,0.0389,0.2669,0.7165,0.7010
251,67,0,0.0595,0.2668,0.7154,0.7048
252,67,0,0.0523,0.2667,0.7151,0.7066
253,67,0,0.0315,0.2668,0.7148,0.7074
254,67,0,0.0279,0.2671,0.7164,0.7006
255,67,0,0.0274,0.2675,0.7168,0.6923
256,67,0,0.0132,0.2680,0.7171,0.6863
257,67,0,0.0098,0.2681,0.7172,0.6808
258,67,0,0.0033,0.2679,0.7151,0.6747
259,67,0,0.0105,0.2679,0.7155,0.6714
260,67,0,0.0217,0.2676,0.7153,0.6690
261,67,0,0.0158,0.2675,0.7140,0.6704
262,67,0,0.0276,0.2672,0.7120,0.6700
263,67,0,0.0415,0.2673,0.7109,0.6772
264,67,0,0.0527,0.2679,0.7103,0.6886
265,67,0,0.0555,0.2680,0.7107,0.6928
266,67,0,0.0559,0.2673,0.7114,0.6871
267,67,0,0.0587,0.2671,0.7125,0.6842
268,67,0,0.0624,0.2670,0.7128,0.6839
269,67,0,0.0586,0.2677,0.7127,0.6910
270,67,0,0.0589,0.2679,0.7127,0.6928
271,67,0,0.0613,0.2675,0.7122,0.6863
272,67,0,0.0609,0.2676,0.7113,0.6846
273,67,0,0.0575,0.2680,0.7109,0.6914
274,67,0,0.0564,0.2680,0.7105,0.6937
275,67,0,0.0564,0.2675,0.7101,0.6884
276,67,0,0.0557,0.2674,0.7102,0.6877
277,67,0,0.0573,0.2673,0.7106,0.6866
278,67,0,0.0568,0.2671,0.7111,0.6870
279,67,0,0.0562,0.2673,0.7121,0.6869
280,67,0,0.0558,0.2673,0.7126,0.6869
281,67,0,0.0556,0.2678,0.7127,0.6923
282,67,0,0.0557,0.2676,0.7119,0.6887
283,67,0,0.0557,0.2675,0.7119,0.6872
284,67,0,0.0568,0.2673,0.7119,0.6868
285,67,0,0.0574,0.2673,0.7122,0.6871
286,67,0,0.0562,0.2673,0.7122,0.6876
287,67,0,0.0553,0.2673,0.7123,0.6875
288,67,0,0.0548,0.2672,0.7124,0.6873
289,67,0,0.0553,0.2674,0.7126,0.6870
290,67,0,0.0555,0.2675,0.7122,0.6871
291,67,0,0.0554,0.2677,0.7119,0.6867
292,67,0,0.0560,0.2679,0.7116,0.6865
293,67,0,0.0561,0.2681,0.7114,0.6872
294,67,0,0.0558,0.2684,0.7115,0.6874
295,67,0,0.0551,0.2694,0.7114,0.6918
296,67,0,0.0543,0.2696,0.7113,0.6938
297,67,0,0.0539,0.2697,0.7110,0.6944
298,67,0,0.0536,0.2698,0.7111,0.6946
299,67,0,0.0526,0.2700,0.7116,0.6965
300,67,0,0.0517,0.2700,0.7119,0.6968
301,67,0,0.0519,0.2700,0.7118,0.6977
302,67,0,0.0521,0.2701,0.7116,0.6970
303,67,0,0.0519,0.2700,0.7114,0.6968
304,67,0,0.0518,0.2700,0.7108,0.6963
305,67,0,0.0518,0.2700,0.7098,0.6962
306,67,0,0.0520,0.2701,0.7089,0.6962
307,67,0,0.0522,0.2701,0.7083,0.6960
308,67,0,0.0523,0.2701,0.7082,0.6957
309,67,0,0.0521,0.2701,0.7078,0.6955
310,67,0,0.0520,0.2700,0.7071,0.6949
311,67,0,0.0519,0.2701,0.7061,0.6945
312,67,0,0.0528,0.2694,0.7060,0.6906
313,67,0,0.0520,0.2697,0.7053,0.6937
314,67,0,0.0517,0.2700,0.7049,0.6951
315,67,0,0.0513,0.2700,0.7051,0.6957
316,67,0,0.0512,0.2698,0.7052,0.6961
317,67,0,0.0527,0.2689,0.7064,0.6920
318,67,0,0.0531,0.2687,0.7072,0.6905
319,67,0,0.0534,0.2685,0.7080,0.6900
