# resolution: 1080,1920
frame,track_id,class,x1_norm,y1_norm,x2_norm,y2_norm
0,2224,0,0.2774,0.1762,0.8518,0.7757
1,2224,0,0.2466,0.1664,0.8093,0.7905
2,2224,0,0.2358,0.1625,0.7879,0.7968
3,2224,0,0.2325,0.1605,0.7897,0.7989
4,2224,0,0.2319,0.1602,0.7926,0.7995
5,2224,0,0.2318,0.1604,0.7951,0.7995
6,2224,0,0.2323,0.1613,0.8073,0.7995
7,2224,0,0.2328,0.1611,0.8087,0.7991
8,2224,0,0.2329,0.1619,0.7976,0.7988
9,2224,0,0.2332,0.1621,0.8139,0.7986
10,2224,0,0.2327,0.1626,0.8227,0.7984
11,2224,0,0.2329,0.1630,0.8273,0.7984
12,2224,0,0.2337,0.1636,0.8312,0.7985
13,2224,0,0.2340,0.1633,0.8337,0.7987
14,2224,0,0.2346,0.1629,0.8340,0.7988
15,2224,0,0.2351,0.1630,0.8316,0.7983
16,2224,0,0.2351,0.1635,0.8434,0.7977
17,2224,0,0.2352,0.1642,0.8481,0.7975
18,2224,0,0.2350,0.1646,0.8521,0.7970
19,2224,0,0.2347,0.1652,0.8542,0.7971
20,2224,0,0.2344,0.1657,0.8539,0.7973
21,2224,0,0.2344,0.1663,0.8519,0.7973
22,2224,0,0.2343,0.1678,0.8466,0.7973
23,2224,0,0.2343,0.1683,0.8394,0.7977
24,2224,0,0.2347,0.1690,0.8393,0.7979
25,2224,0,0.2355,0.1690,0.8353,0.7982
26,2224,0,0.2356,0.1686,0.8294,0.7983
27,2224,0,0.2412,0.1681,0.8246,0.7992
28,2224,0,0.2433,0.1679,0.8236,0.7992
29,2224,0,0.2433,0.1678,0.8216,0.7993
30,2224,0,0.2428,0.1674,0.8185,0.7992
31,2224,0,0.2426,0.1675,0.8123,0.7989
32,2224,0,0.2428,0.1683,0.8087,0.7989
33,2224,0,0.2426,0.1685,0.8021,0.7987
34,2224,0,0.2371,0.1679,0.7893,0.7974
35,2224,0,0.2351,0.1678,0.7855,0.7969
36,2224,0,0.2347,0.1678,0.7816,0.7967
37,2224,0,0.2344,0.1678,0.7801,0.7968
38,2224,0,0.2344,0.1677,0.7831,0.7968
39,2224,0,0.2401,0.1684,0.7848,0.7980
40,2224,0,0.2419,0.1688,0.7836,0.7980
41,2224,0,0.2425,0.1683,0.7836,0.7976
42,2224,0,0.2430,0.1682,0.7840,0.7975
43,2224,0,0.2430,0.1678,0.7848,0.7972
44,2224,0,0.2428,0.1672,0.7850,0.7974
45,2224,0,0.2428,0.1669,0.7857,0.7976
46,2224,0,0.2429,0.1665,0.7868,0.7976
47,2224,0,0.2428,0.1667,0.7858,0.7979
48,2224,0,0.2428,0.1671,0.7847,0.7977
49,2224,0,0.2426,0.1670,0.7836,0.7972
50,2224,0,0.2428,0.1674,0.7829,0.7970
51,2224,0,0.2430,0.1671,0.7821,0.7971
52,2224,0,0.2434,0.1662,0.7822,0.7975
53,2224,0,0.2384,0.1667,0.7811,0.7966
54,2224,0,0.2365,0.1681,0.7806,0.7961
55,2224,0,0.2404,0.1692,0.7810,0.7970
56,2224,0,0.2423,0.1680,0.7803,0.7975
57,2224,0,0.2378,0.1671,0.7821,0.7964
58,2224,0,0.2362,0.1667,0.7821,0.7958
59,2224,0,0.2360,0.1668,0.7821,0.7956
60,2224,0,0.2361,0.1670,0.7823,0.7954
61,2224,0,0.2360,0.1670,0.7825,0.7956
62,2224,0,0.2361,0.1667,0.7820,0.7961
63,2224,0,0.2360,0.1672,0.7807,0.7963
64,2224,0,0.2359,0.1665,0.7807,0.7964
65,2224,0,0.2363,0.1695,0.7793,0.7971
66,2224,0,0.2362,0.1705,0.7778,0.7974
67,2224,0,0.2363,0.1717,0.7747,0.7975
68,2224,0,0.2364,0.1724,0.7760,0.7977
69,2224,0,0.2365,0.1722,0.7771,0.7974
70,2224,0,0.2367,0.1720,0.7774,0.7978
71,2224,0,0.2365,0.1700,0.7795,0.7976
72,2224,0,0.2364,0.1708,0.7800,0.7975
73,2224,0,0.2363,0.1712,0.7790,0.7975
74,2224,0,0.2362,0.1721,0.7772,0.7974
75,2224,0,0.2361,0.1706,0.7770,0.7976
76,2224,0,0.2364,0.1706,0.7756,0.7977
77,2224,0,0.2362,0.1718,0.7738,0.7976
78,2224,0,0.2363,0.1700,0.7756,0.7974
79,2224,0,0.2363,0.1680,0.7790,0.7969
80,2224,0,0.2364,0.1678,0.7786,0.7966
81,2224,0,0.2364,0.1701,0.7781,0.7967
82,2224,0,0.2365,0.1668,0.7810,0.7968
83,2224,0,0.2364,0.1636,0.7807,0.7968
84,2224,0,0.2418,0.1644,0.7798,0.7983
85,2224,0,0.2439,0.1629,0.7790,0.7986
86,2224,0,0.2447,0.1621,0.7768,0.7986
87,2224,0,0.2452,0.1621,0.7759,0.7987
88,2224,0,0.2398,0.1607,0.7768,0.7979
89,2224,0,0.2376,0.1596,0.7750,0.7979
90,2224,0,0.2371,0.1611,0.7659,0.7977
91,2224,0,0.2364,0.1603,0.7637,0.7978
92,2224,0,0.2361,0.1603,0.7669,0.7978
93,2224,0,0.2362,0.1600,0.7677,0.7974
94,2224,0,0.2417,0.1612,0.7676,0.7984
95,2224,0,0.2438,0.1615,0.7670,0.7989
96,2224,0,0.2391,0.1606,0.7697,0.7976
97,2224,0,0.2427,0.1612,0.7677,0.7982
98,2224,0,0.2389,0.1604,0.7697,0.7976
99,2224,0,0.2378,0.1602,0.7709,0.7973
100,2224,0,0.2427,0.1603,0.7685,0.7982
101,2224,0,0.2396,0.1595,0.7701,0.7979
102,2224,0,0.2385,0.1596,0.7706,0.7981
103,2224,0,0.2383,0.1594,0.7707,0.7979
104,2224,0,0.2375,0.1593,0.7715,0.7978
105,2224,0,0.2376,0.1598,0.7704,0.7979
106,2224,0,0.2373,0.1597,0.7706,0.7979
107,2224,0,0.2373,0.1593,0.7716,0.7976
108,2224,0,0.2372,0.1588,0.7722,0.7976
109,2224,0,0.2422,0.1596,0.7694,0.7985
110,2224,0,0.2439,0.1599,0.7678,0.7988
111,2224,0,0.2446,0.1600,0.7667,0.7986
112,2224,0,0.2448,0.1597,0.7667,0.7986
113,2224,0,0.2447,0.1593,0.7650,0.7985
114,2224,0,0.2450,0.1590,0.7621,0.7986
115,2224,0,0.2396,0.1580,0.7655,0.7977
116,2224,0,0.2374,0.1574,0.7666,0.7977
117,2224,0,0.2422,0.1587,0.7642,0.7985
118,2224,0,0.2440,0.1595,0.7627,0.7990
119,2224,0,0.2443,0.1599,0.7631,0.7992
120,2224,0,0.2442,0.1600,0.7617,0.7990
121,2224,0,0.2438,0.1607,0.7617,0.7989
122,2224,0,0.2437,0.1603,0.7626,0.7987
123,2224,0,0.2438,0.1598,0.7630,0.7985
124,2224,0,0.2442,0.1592,0.7623,0.7990
125,2224,0,0.2447,0.1590,0.7622,0.7989
126,2224,0,0.2392,0.1592,0.7595,0.7973
127,2224,0,0.2373,0.1606,0.7552,0.7967
128,2224,0,0.2375,0.1613,0.7578,0.7966
129,2224,0,0.2374,0.1607,0.7646,0.7971
130,2224,0,0.2373,0.1607,0.7690,0.7974
131,2224,0,0.2371,0.1606,0.7701,0.7978
132,2224,0,0.2369,0.1603,0.7664,0.7977
133,2224,0,0.2366,0.1599,0.7684,0.7973
134,2224,0,0.2418,0.1602,0.7672,0.7984
135,2224,0,0.2425,0.1596,0.7665,0.7985
136,2224,0,0.2419,0.1585,0.7667,0.7986
137,2224,0,0.2430,0.1575,0.7672,0.7988
138,2224,0,0.2389,0.1574,0.7702,0.7974
139,2224,0,0.2369,0.1575,0.7704,0.7968
140,2224,0,0.2361,0.1580,0.7700,0.7963
141,2224,0,0.2359,0.1574,0.7708,0.7966
142,2224,0,0.2413,0.1572,0.7697,0.7981
143,2224,0,0.2432,0.1576,0.7703,0.7988
144,2224,0,0.2386,0.1582,0.7739,0.7980
145,2224,0,0.2366,0.1591,0.7753,0.7977
146,2224,0,0.2360,0.1588,0.7758,0.7975
147,2224,0,0.2350,0.1582,0.7751,0.7973
148,2224,0,0.2354,0.1582,0.7739,0.7975
149,2224,0,0.2364,0.1588,0.7737,0.7975
150,2224,0,0.2369,0.1587,0.7738,0.7979
151,2224,0,0.2368,0.1582,0.7725,0.7980
152,2224,0,0.2372,0.1583,0.7721,0.7986
153,2224,0,0.2372,0.1586,0.7711,0.7985
154,2224,0,0.2372,0.1585,0.7698,0.7984
155,2224,0,0.2373,0.1585,0.7685,0.7988
156,2224,0,0.2380,0.1585,0.7681,0.7993
157,2224,0,0.2376,0.1588,0.7673,0.7992
158,2224,0,0.2373,0.1593,0.7661,0.7993
159,2224,0,0.2374,0.1595,0.7660,0.7995
160,2224,0,0.2379,0.1593,0.7660,0.7997
161,2224,0,0.2373,0.1592,0.7653,0.7995
162,2224,0,0.2369,0.1596,0.7650,0.7994
163,2224,0,0.2361,0.1595,0.7654,0.7991
164,2224,0,0.2362,0.1599,0.7651,0.7992
165,2224,0,0.2428,0.1609,0.7581,0.8011
166,2224,0,0.2385,0.1602,0.7629,0.7998
167,2224,0,0.2439,0.1612,0.7596,0.8014
168,2224,0,0.2392,0.1610,0.7637,0.8001
169,2224,0,0.2447,0.1622,0.7585,0.8018
170,2224,0,0.2468,0.1626,0.7577,0.8022
171,2224,0,0.2476,0.1625,0.7585,0.8023
172,2224,0,0.2408,0.1608,0.7644,0.7999
173,2224,0,0.2389,0.1605,0.7675,0.7993
174,2224,0,0.2385,0.1602,0.7697,0.7986
175,2224,0,0.2436,0.1594,0.7727,0.7997
176,2224,0,0.2451,0.1595,0.7748,0.8000
177,2224,0,0.2460,0.1587,0.7778,0.8003
178,2224,0,0.2423,0.1576,0.7783,0.7984
179,2224,0,0.2441,0.1588,0.7809,0.7998
180,2224,0,0.2451,0.1572,0.7808,0.8005
181,2224,0,0.2456,0.1572,0.7810,0.8007
182,2224,0,0.2455,0.1586,0.7808,0.8008
183,2224,0,0.2450,0.1598,0.7801,0.8009
184,2224,0,0.2444,0.1595,0.7789,0.8011
185,2224,0,0.2442,0.1589,0.7787,0.8011
186,2224,0,0.2441,0.1589,0.7795,0.8012
187,2224,0,0.2438,0.1597,0.7801,0.8012
188,2224,0,0.2437,0.1584,0.7805,0.8013
189,2224,0,0.2437,0.1601,0.7812,0.8013
190,2224,0,0.2439,0.1583,0.7761,0.8019
191,2224,0,0.2440,0.1589,0.7798,0.8015
192,2224,0,0.2442,0.1578,0.7808,0.8012
193,2224,0,0.2438,0.1581,0.7810,0.8012
194,2224,0,0.2439,0.1580,0.7767,0.8020
195,2224,0,0.2440,0.1582,0.7750,0.8022
196,2224,0,0.2439,0.1588,0.7798,0.8015
197,2224,0,0.2438,0.1601,0.7818,0.8012
198,2224,0,0.2437,0.1614,0.7832,0.8011
199,2224,0,0.2438,0.1623,0.7839,0.8011
200,2224,0,0.2438,0.1625,0.7842,0.8011
201,2224,0,0.2439,0.1627,0.7843,0.8011
202,2224,0,0.2438,0.1606,0.7790,0.8019
203,2224,0,0.2438,0.1589,0.7774,0.8022
204,2224,0,0.2437,0.1606,0.7819,0.8014
205,2224,0,0.2435,0.1610,0.7834,0.8010
206,2224,0,0.2438,0.1611,0.7836,0.8011
207,2224,0,0.2436,0.1613,0.7835,0.8012
208,2224,0,0.2440,0.1603,0.7832,0.8012
209,2224,0,0.2442,0.1602,0.7822,0.8011
210,2224,0,0.2440,0.1599,0.7818,0.8011
211,2224,0,0.2440,0.1592,0.7820,0.8008
212,2224,0,0.2405,0.1564,0.7808,0.7990
213,2224,0,0.2385,0.1559,0.7794,0.7986
214,2224,0,0.2419,0.1576,0.7790,0.7999
215,2224,0,0.2389,0.1549,0.7778,0.7988
216,2224,0,0.2426,0.1569,0.7797,0.8001
217,2224,0,0.2390,0.1546,0.7788,0.7985
218,2224,0,0.2376,0.1531,0.7773,0.7979
219,2224,0,0.2371,0.1528,0.7764,0.7980
220,2224,0,0.2369,0.1536,0.7760,0.7978
221,2224,0,0.2369,0.1543,0.7755,0.7981
222,2224,0,0.2374,0.1529,0.7751,0.7983
223,2224,0,0.2374,0.1525,0.7738,0.7982
224,2224,0,0.2374,0.1524,0.7734,0.7981
225,2224,0,0.2431,0.1529,0.7699,0.7985
226,2224,0,0.2393,0.1515,0.7717,0.7979
227,2224,0,0.2439,0.1531,0.7688,0.7986
228,2224,0,0.2459,0.1534,0.7674,0.7983
229,2224,0,0.2462,0.1548,0.7664,0.7978
230,2224,0,0.2404,0.1520,0.7693,0.7970
231,2224,0,0.2384,0.1516,0.7702,0.7968
232,2224,0,0.2376,0.1511,0.7707,0.7965
233,2224,0,0.2372,0.1519,0.7706,0.7962
234,2224,0,0.2368,0.1518,0.7705,0.7963
235,2224,0,0.2367,0.1519,0.7703,0.7966
236,2224,0,0.2370,0.1513,0.7701,0.7971
237,2224,0,0.2372,0.1520,0.7704,0.7972
238,2224,0,0.2430,0.1541,0.7661,0.7983
239,2224,0,0.2451,0.1554,0.7639,0.7986
240,2224,0,0.2461,0.1549,0.7626,0.7986
241,2224,0,0.2465,0.1554,0.7622,0.7985
242,2224,0,0.2467,0.1550,0.7617,0.7985
243,2224,0,0.2467,0.1550,0.7618,0.7984
244,2224,0,0.2464,0.1548,0.7619,0.7982
245,2224,0,0.2461,0.1557,0.7619,0.7982
246,2224,0,0.2461,0.1559,0.7618,0.7984
247,2224,0,0.2458,0.1561,0.7612,0.7983
248,2224,0,0.2457,0.1558,0.7614,0.7982
249,2224,0,0.2457,0.1561,0.7612,0.7978
250,2224,0,0.2453,0.1567,0.7611,0.7976
251,2224,0,0.2451,0.1568,0.7606,0.7974
252,2224,0,0.2453,0.1567,0.7607,0.7973
253,2224,0,0.2452,0.1570,0.7601,0.7974
254,2224,0,0.2448,0.1567,0.7599,0.7976
255,2224,0,0.2447,0.1571,0.7588,0.7978
256,2224,0,0.2449,0.1571,0.7580,0.7979
257,2224,0,0.2446,0.1596,0.7581,0.7976
258,2224,0,0.2445,0.1602,0.7576,0.7978
259,2224,0,0.2444,0.1595,0.7574,0.7984
260,2224,0,0.2446,0.1605,0.7574,0.7986
261,2224,0,0.2448,0.1606,0.7575,0.7987
262,2224,0,0.2445,0.1604,0.7573,0.7985
263,2224,0,0.2443,0.1613,0.7567,0.7985
264,2224,0,0.2444,0.1608,0.7564,0.7984
265,2224,0,0.2445,0.1604,0.7566,0.7981
266,2224,0,0.2445,0.1603,0.7563,0.7982
267,2224,0,0.2442,0.1607,0.7560,0.7978
268,2224,0,0.2443,0.1611,0.7563,0.7977
269,2224,0,0.2448,0.1613,0.7565,0.7985
270,2224,0,0.2448,0.1615,0.7564,0.7987
271,2224,0,0.2448,0.1614,0.7567,0.7988
272,2224,0,0.2448,0.1614,0.7568,0.7989
273,2224,0,0.2447,0.1614,0.7567,0.7988
274,2224,0,0.2447,0.1611,0.7568,0.7988
275,2224,0,0.2449,0.1608,0.7566,0.7990
276,2224,0,0.2448,0.1605,0.7566,0.7990
277,2224,0,0.2448,0.1606,0.7566,0.7990
278,2224,0,0.2447,0.1605,0.7571,0.7988
279,2224,0,0.2448,0.1605,0.7574,0.7985
280,2224,0,0.2447,0.1606,0.7574,0.7985
281,2224,0,0.2447,0.1608,0.7575,0.7984
282,2224,0,0.2447,0.1609,0.7574,0.7982
283,2224,0,0.2445,0.1612,0.7572,0.7982
284,2224,0,0.2445,0.1613,0.7570,0.7983
285,2224,0,0.2443,0.1613,0.7568,0.7983
286,2224,0,0.2443,0.1613,0.7567,0.7983
287,2224,0,0.2445,0.1614,0.7567,0.7983
288,2224,0,0.2445,0.1615,0.7567,0.7982
289,2224,0,0.2446,0.1615,0.7567,0.7983
290,2224,0,0.2446,0.1615,0.7568,0.7982
291,2224,0,0.2445,0.1616,0.7569,0.7982
292,2224,0,0.2447,0.1612,0.7569,0.7983
293,2224,0,0.2446,0.1609,0.7572,0.7982
294,2224,0,0.2445,0.1609,0.7571,0.7984
295,2224,0,0.2444,0.1607,0.7572,0.7985
296,2224,0,0.2443,0.1608,0.7571,0.7985
297,2224,0,0.2445,0.1609,0.7571,0.7984
298,2224,0,0.2447,0.1607,0.7571,0.7983
299,2224,0,0.2448,0.1608,0.7568,0.7980
300,2224,0,0.2449,0.1607,0.7565,0.7978
301,2224,0,0.2448,0.1607,0.7564,0.7978
302,2224,0,0.2450,0.1607,0.7563,0.7979
303,2224,0,0.2450,0.1610,0.7564,0.7977
304,2224,0,0.2449,0.1611,0.7565,0.7978
305,2224,0,0.2446,0.1611,0.7566,0.7980
306,2224,0,0.2444,0.1609,0.7565,0.7981
307,2224,0,0.2444,0.1611,0.7566,0.7981
308,2224,0,0.2446,0.1611,0.7566,0.7980
309,2224,0,0.2447,0.1613,0.7566,0.7979
310,2224,0,0.2447,0.1615,0.7567,0.7979
311,2224,0,0.2448,0.1616,0.7568,0.7978
312,2224,0,0.2448,0.1617,0.7568,0.7977
313,2224,0,0.2447,0.1616,0.7568,0.7975
