# resolution: 1080,1920
frame,track_id,class,x1_norm,y1_norm,x2_norm,y2_norm
0,2713,0,0.2934,0.2603,0.7459,0.7084
1,2713,0,0.3091,0.2080,0.7501,0.6989
2,2713,0,0.3121,0.1839,0.7575,0.6947
3,2713,0,0.3162,0.1748,0.7716,0.6930
4,2713,0,0.3168,0.1718,0.7826,0.6926
5,2713,0,0.3224,0.1712,0.7806,0.6926
6,2713,0,0.3281,0.1717,0.7170,0.6925
7,2713,0,0.3289,0.1733,0.7019,0.6928
8,2713,0,0.3326,0.1745,0.6921,0.6930
9,2713,0,0.3379,0.1752,0.6659,0.6933
10,2713,0,0.3396,0.1763,0.6713,0.6936
11,2713,0,0.3406,0.1777,0.6715,0.6939
12,2713,0,0.3385,0.1790,0.6732,0.6937
13,2713,0,0.3322,0.1793,0.6638,0.6935
14,2713,0,0.3340,0.1799,0.6861,0.6937
15,2713,0,0.3366,0.1804,0.6827,0.6939
16,2713,0,0.3367,0.1801,0.6943,0.6941
17,2713,0,0.3342,0.1808,0.6721,0.6940
18,2713,0,0.3351,0.1810,0.6682,0.6941
18,2728,0,0.3276,0.1831,0.8039,0.6958
19,2713,0,0.3348,0.1810,0.6591,0.6941
20,2713,0,0.3342,0.1813,0.6511,0.6939
21,2713,0,0.3350,0.1821,0.6484,0.6939
22,2713,0,0.3354,0.1824,0.6478,0.6939
23,2713,0,0.3339,0.1825,0.6473,0.6938
24,2713,0,0.3309,0.1825,0.6474,0.6940
25,2713,0,0.3276,0.1822,0.6475,0.6938
26,2713,0,0.3276,0.1818,0.6483,0.6939
27,2713,0,0.3281,0.1820,0.6496,0.6940
28,2713,0,0.3309,0.1818,0.6477,0.6940
29,2713,0,0.3261,0.1807,0.6592,0.6951
30,2713,0,0.3300,0.1812,0.6530,0.6946
31,2713,0,0.3312,0.1813,0.6489,0.6945
32,2713,0,0.3298,0.1814,0.6486,0.6945
33,2728,0,0.3257,0.1825,0.7362,0.6948
34,2728,0,0.3293,0.1813,0.7140,0.6945
35,2728,0,0.3224,0.1810,0.7553,0.6945
36,2713,0,0.3274,0.1803,0.6760,0.6942
37,2728,0,0.3259,0.1802,0.7491,0.6947
38,2728,0,0.3298,0.1796,0.7583,0.6949
39,2728,0,0.3290,0.1794,0.7405,0.6948
40,-1,0,0.3244,0.1781,0.7317,0.6958
41,2713,0,0.3346,0.1793,0.7245,0.6941
42,2713,0,0.3351,0.1794,0.7513,0.6944
43,2713,0,0.3325,0.1795,0.7555,0.6944
44,2713,0,0.3272,0.1800,0.7294,0.6941
45,2713,0,0.3258,0.1809,0.6888,0.6939
46,2713,0,0.3218,0.1817,0.6666,0.6938
47,2713,0,0.3231,0.1819,0.6684,0.6938
48,2713,0,0.3207,0.1824,0.6784,0.6937
49,2713,0,0.3231,0.1827,0.6633,0.6934
50,2713,0,0.3125,0.1810,0.6930,0.6942
51,2713,0,0.3012,0.1808,0.6971,0.6945
52,2713,0,0.3021,0.1806,0.6819,0.6946
53,2713,0,0.3055,0.1819,0.6645,0.6946
54,2713,0,0.3094,0.1825,0.6608,0.6947
55,2713,0,0.3051,0.1815,0.6583,0.6946
56,2713,0,0.3158,0.1814,0.6618,0.6948
57,2713,0,0.3229,0.1807,0.6666,0.6950
58,2713,0,0.3249,0.1802,0.6642,0.6951
59,2713,0,0.3259,0.1803,0.6584,0.6951
60,2713,0,0.3223,0.1805,0.6796,0.6952
61,2713,0,0.3207,0.1805,0.6970,0.6954
62,2713,0,0.3217,0.1810,0.7053,0.6954
63,2713,0,0.3261,0.1810,0.6755,0.6955
64,2713,0,0.3303,0.1838,0.6661,0.6944
64,2749,0,0.3264,0.1864,0.7995,0.6955
65,2749,0,0.3306,0.1860,0.7662,0.6945
66,2749,0,0.3234,0.1831,0.7785,0.6950
67,2749,0,0.3311,0.1851,0.7880,0.6943
68,2749,0,0.3120,0.1830,0.7755,0.6947
69,2749,0,0.3100,0.1822,0.7508,0.6949
70,2749,0,0.3011,0.1843,0.7828,0.6946
70,2713,0,0.3099,0.1866,0.6546,0.6939
71,2713,0,0.3033,0.1844,0.6583,0.6946
72,2713,0,0.2980,0.1831,0.6942,0.6948
73,-1,0,0.2989,0.1825,0.7552,0.6951
74,2713,0,0.3054,0.1841,0.7395,0.6951
75,2713,0,0.3099,0.1831,0.7006,0.6951
76,2713,0,0.3120,0.1850,0.6710,0.6942
77,2713,0,0.3205,0.1843,0.6602,0.6939
77,2756,0,0.3150,0.1835,0.8034,0.6943
78,2713,0,0.3144,0.1834,0.6538,0.6935
78,2756,0,0.3082,0.1826,0.8033,0.6941
79,2713,0,0.3098,0.1833,0.6644,0.6935
80,2713,0,0.3074,0.1834,0.6566,0.6935
80,2756,0,0.3016,0.1826,0.8016,0.6942
81,2713,0,0.3082,0.1837,0.6551,0.6935
81,2756,0,0.3031,0.1827,0.8007,0.6943
82,2713,0,0.3064,0.1833,0.6851,0.6936
83,2756,0,0.2976,0.1799,0.7619,0.6947
84,2756,0,0.2965,0.1796,0.7579,0.6948
85,2756,0,0.2993,0.1827,0.7467,0.6942
86,-1,0,0.2984,0.1798,0.7290,0.6949
87,2713,0,0.3023,0.1835,0.6582,0.6936
88,2713,0,0.3077,0.1835,0.6571,0.6937
89,2713,0,0.3117,0.1837,0.6647,0.6938
90,2713,0,0.3123,0.1820,0.7214,0.6948
91,2713,0,0.3198,0.1831,0.7623,0.6945
92,2713,0,0.3251,0.1832,0.7828,0.6943
93,2713,0,0.3277,0.1829,0.7912,0.6942
94,2713,0,0.3256,0.1803,0.7774,0.6948
95,2713,0,0.3231,0.1816,0.7733,0.6942
96,2713,0,0.3161,0.1799,0.7730,0.6949
97,2713,0,0.3100,0.1792,0.7774,0.6951
98,2713,0,0.3079,0.1787,0.7883,0.6951
99,2713,0,0.3069,0.1787,0.7895,0.6951
100,2713,0,0.3074,0.1787,0.7810,0.6952
101,2713,0,0.3078,0.1792,0.7809,0.6952
102,2713,0,0.3073,0.1795,0.7745,0.6952
103,2713,0,0.3074,0.1801,0.7664,0.6952
104,2713,0,0.3053,0.1823,0.7833,0.6944
105,2713,0,0.2987,0.1816,0.7888,0.6949
106,2713,0,0.2984,0.1810,0.7886,0.6952
107,2713,0,0.3006,0.1808,0.7890,0.6953
108,2713,0,0.3079,0.1810,0.7891,0.6954
109,2713,0,0.3116,0.1814,0.7863,0.6954
110,2713,0,0.3115,0.1817,0.7871,0.6954
111,2713,0,0.3108,0.1819,0.7896,0.6954
112,2713,0,0.3080,0.1843,0.7964,0.6948
113,2713,0,0.3065,0.1827,0.7981,0.6952
114,2713,0,0.3036,0.1826,0.7997,0.6954
115,2713,0,0.3004,0.1824,0.8005,0.6955
116,2713,0,0.3039,0.1826,0.8004,0.6954
117,2713,0,0.3095,0.1829,0.7960,0.6953
118,2713,0,0.3100,0.1823,0.7931,0.6950
119,2713,0,0.3060,0.1822,0.7933,0.6947
120,2713,0,0.3077,0.1813,0.7927,0.6947
121,2713,0,0.3171,0.1817,0.7949,0.6946
122,2713,0,0.3168,0.1822,0.7963,0.6946
123,2713,0,0.3149,0.1827,0.7962,0.6945
124,2713,0,0.3112,0.1829,0.7952,0.6945
125,2713,0,0.3111,0.1827,0.7923,0.6946
126,2713,0,0.3103,0.1828,0.7910,0.6946
127,2713,0,0.3064,0.1828,0.7926,0.6947
128,2713,0,0.3043,0.1836,0.7930,0.6948
129,2713,0,0.3028,0.1837,0.7954,0.6948
130,2713,0,0.2993,0.1835,0.7948,0.6949
131,2713,0,0.2978,0.1830,0.7954,0.6947
132,2713,0,0.2949,0.1825,0.7948,0.6948
133,2713,0,0.3025,0.1827,0.7918,0.6949
134,2713,0,0.3158,0.1825,0.7842,0.6950
135,2713,0,0.3251,0.1822,0.7773,0.6952
136,2713,0,0.3256,0.1822,0.7816,0.6955
137,2713,0,0.3222,0.1819,0.7860,0.6954
138,2713,0,0.3210,0.1820,0.7881,0.6954
139,2713,0,0.3176,0.1818,0.7639,0.6954
140,2713,0,0.3100,0.1816,0.7496,0.6953
141,2713,0,0.3068,0.1812,0.7460,0.6952
142,2713,0,0.3080,0.1814,0.7416,0.6951
143,2713,0,0.3125,0.1837,0.7418,0.6943
144,2713,0,0.3157,0.1846,0.7395,0.6940
145,2713,0,0.3098,0.1834,0.7525,0.6946
146,2713,0,0.3122,0.1843,0.7650,0.6941
147,2713,0,0.3252,0.1848,0.7570,0.6941
148,2713,0,0.3305,0.1853,0.7614,0.6942
149,2713,0,0.3300,0.1844,0.7760,0.6942
150,2713,0,0.3294,0.1843,0.7854,0.6941
151,2713,0,0.3236,0.1843,0.7920,0.6942
152,2713,0,0.3290,0.1845,0.7922,0.6943
153,2713,0,0.3315,0.1844,0.7903,0.6944
154,2713,0,0.3325,0.1841,0.7840,0.6942
155,2713,0,0.3319,0.1839,0.7758,0.6941
156,2713,0,0.3298,0.1836,0.7853,0.6941
157,2713,0,0.3265,0.1834,0.7915,0.6943
158,2713,0,0.3198,0.1833,0.7933,0.6944
159,2713,0,0.3144,0.1831,0.7941,0.6944
160,2713,0,0.3139,0.1828,0.7967,0.6944
161,2713,0,0.3126,0.1825,0.7971,0.6944
162,2713,0,0.3195,0.1828,0.7983,0.6953
163,2713,0,0.3181,0.1827,0.7976,0.6946
164,2713,0,0.3232,0.1827,0.7990,0.6953
165,2713,0,0.3213,0.1828,0.7999,0.6957
166,2713,0,0.3165,0.1828,0.8005,0.6958
167,2713,0,0.3143,0.1830,0.7995,0.6960
168,2713,0,0.3102,0.1829,0.8002,0.6961
169,2713,0,0.3092,0.1829,0.7989,0.6950
170,2713,0,0.3088,0.1830,0.7981,0.6945
171,2713,0,0.3083,0.1814,0.7954,0.6952
172,2713,0,0.3172,0.1817,0.7953,0.6945
173,2713,0,0.3179,0.1821,0.7940,0.6943
174,2713,0,0.3179,0.1801,0.7939,0.6953
175,2713,0,0.3207,0.1811,0.7935,0.6948
176,2713,0,0.3223,0.1814,0.7949,0.6951
177,2713,0,0.3273,0.1813,0.7897,0.6953
178,2713,0,0.3154,0.1801,0.7840,0.6967
179,2713,0,0.3093,0.1798,0.7793,0.6972
180,2713,0,0.3074,0.1796,0.7747,0.6976
181,2713,0,0.3115,0.1795,0.7542,0.6978
182,2713,0,0.3163,0.1798,0.7429,0.6979
183,2713,0,0.3161,0.1795,0.7579,0.6980
184,2713,0,0.3172,0.1797,0.7529,0.6980
185,2713,0,0.3206,0.1798,0.7375,0.6982
186,2713,0,0.3195,0.1796,0.7146,0.6982
187,2713,0,0.3278,0.1813,0.6962,0.6977
188,2713,0,0.3288,0.1824,0.7592,0.6973
189,2713,0,0.3293,0.1828,0.7837,0.6983
190,2713,0,0.3230,0.1838,0.7846,0.6974
191,2713,0,0.3083,0.1817,0.7619,0.6975
192,2713,0,0.3085,0.1820,0.7554,0.6979
193,2713,0,0.3100,0.1820,0.7161,0.6978
194,2713,0,0.3066,0.1824,0.6881,0.6978
195,2713,0,0.2976,0.1826,0.7324,0.6978
196,2713,0,0.2985,0.1827,0.6956,0.6978
197,2713,0,0.2986,0.1831,0.7237,0.6983
198,2713,0,0.3050,0.1841,0.7115,0.6986
199,2713,0,0.3055,0.1840,0.7619,0.6995
200,2713,0,0.3005,0.1841,0.7747,0.7003
201,2713,0,0.2977,0.1845,0.7088,0.7008
202,2713,0,0.2952,0.1847,0.7058,0.7014
203,2713,0,0.2968,0.1848,0.7429,0.7015
204,2713,0,0.2820,0.1848,0.7283,0.7022
205,2713,0,0.2941,0.1849,0.7654,0.7015
206,2713,0,0.3007,0.1853,0.7835,0.7002
207,2713,0,0.2930,0.1858,0.7915,0.6982
208,2713,0,0.2908,0.1837,0.7911,0.6967
209,2713,0,0.3049,0.1840,0.7932,0.6943
210,2713,0,0.3112,0.1844,0.7922,0.6934
211,2713,0,0.3014,0.1835,0.7881,0.6915
212,2713,0,0.3083,0.1836,0.7858,0.6909
213,2713,0,0.3151,0.1832,0.7588,0.6916
214,2713,0,0.3161,0.1826,0.7596,0.6934
215,2713,0,0.3170,0.1823,0.7669,0.6943
216,2713,0,0.3147,0.1807,0.7813,0.6949
217,2713,0,0.3202,0.1813,0.7866,0.6948
218,2713,0,0.3166,0.1807,0.7863,0.6952
219,2713,0,0.3159,0.1805,0.7771,0.6950
220,2713,0,0.3178,0.1806,0.7865,0.6951
221,2713,0,0.3143,0.1804,0.7890,0.6960
222,2713,0,0.3150,0.1811,0.7928,0.6967
223,2713,0,0.3195,0.1812,0.7947,0.6972
224,2713,0,0.3192,0.1813,0.7934,0.6975
225,2713,0,0.3167,0.1814,0.7902,0.6979
226,2713,0,0.3189,0.1812,0.7833,0.6972
227,2713,0,0.3183,0.1813,0.7918,0.6974
228,2713,0,0.3261,0.1811,0.7949,0.6975
229,2713,0,0.3301,0.1813,0.7946,0.6974
230,2713,0,0.3328,0.1809,0.7953,0.6975
231,2713,0,0.3322,0.1808,0.7912,0.6968
232,2713,0,0.3248,0.1804,0.7930,0.6966
233,2713,0,0.3245,0.1802,0.7935,0.6963
234,2713,0,0.3276,0.1803,0.7949,0.6971
235,2713,0,0.3278,0.1796,0.7960,0.6975
236,2713,0,0.3284,0.1798,0.7972,0.6973
237,2713,0,0.3313,0.1798,0.7980,0.6970
238,2713,0,0.3288,0.1797,0.7973,0.6972
239,2713,0,0.3259,0.1796,0.7946,0.6967
240,2713,0,0.3265,0.1794,0.7966,0.6972
241,2713,0,0.3278,0.1796,0.7960,0.6974
242,2713,0,0.3260,0.1798,0.7884,0.6967
243,2713,0,0.3230,0.1800,0.7932,0.6971
244,2713,0,0.3230,0.1804,0.7957,0.6975
245,2713,0,0.3227,0.1804,0.7977,0.6976
246,2713,0,0.3113,0.1810,0.7964,0.6969
247,2713,0,0.3201,0.1819,0.7985,0.6975
248,2713,0,0.3275,0.1816,0.7988,0.6976
249,2713,0,0.3287,0.1815,0.7995,0.6975
250,2713,0,0.3305,0.1816,0.8001,0.6975
251,2713,0,0.3323,0.1823,0.8007,0.6975
252,2713,0,0.3291,0.1818,0.8012,0.6976
253,2713,0,0.3301,0.1818,0.8012,0.6976
254,2713,0,0.3351,0.1816,0.8011,0.6974
255,2713,0,0.3377,0.1820,0.8008,0.6973
256,2713,0,0.3387,0.1825,0.8012,0.6972
257,2713,0,0.3404,0.1828,0.8017,0.6971
258,2713,0,0.3402,0.1831,0.8021,0.6969
259,2713,0,0.3379,0.1828,0.8024,0.6968
260,2713,0,0.3371,0.1834,0.8019,0.6969
261,2713,0,0.3379,0.1835,0.8010,0.6971
262,2713,0,0.3376,0.1841,0.8013,0.6971
263,2713,0,0.3373,0.1844,0.8007,0.6971
264,2713,0,0.3366,0.1849,0.7997,0.6971
265,2713,0,0.3372,0.1853,0.8004,0.6971
266,2713,0,0.3371,0.1859,0.8012,0.6972
267,2713,0,0.3356,0.1866,0.8007,0.6973
268,2713,0,0.3332,0.1876,0.7983,0.6964
269,2713,0,0.3239,0.1876,0.7989,0.6960
270,2713,0,0.3223,0.1875,0.7981,0.6958
271,2713,0,0.3197,0.1871,0.7975,0.6957
272,2713,0,0.3276,0.1864,0.7992,0.6965
273,2713,0,0.3294,0.1859,0.8004,0.6967
274,2713,0,0.3329,0.1860,0.8005,0.6970
275,2713,0,0.3341,0.1862,0.8007,0.6970
276,2713,0,0.3317,0.1864,0.8001,0.6971
277,2713,0,0.3290,0.1864,0.7996,0.6971
278,2713,0,0.3261,0.1872,0.7980,0.6962
279,2713,0,0.3238,0.1875,0.7967,0.6958
280,2713,0,0.3114,0.1848,0.7937,0.6958
281,2713,0,0.3154,0.1867,0.7960,0.6958
282,2713,0,0.3178,0.1870,0.7966,0.6959
283,2713,0,0.3193,0.1874,0.7966,0.6959
284,2713,0,0.3222,0.1870,0.7983,0.6970
285,2713,0,0.3221,0.1869,0.7991,0.6963
286,2713,0,0.3291,0.1866,0.8006,0.6969
287,2713,0,0.3307,0.1866,0.8011,0.6972
288,2713,0,0.3256,0.1866,0.8019,0.6971
289,2713,0,0.3232,0.1867,0.8029,0.6972
290,2713,0,0.3193,0.1869,0.8032,0.6970
291,2713,0,0.3178,0.1874,0.8033,0.6969
292,2713,0,0.3184,0.1880,0.8010,0.6963
293,2713,0,0.3131,0.1883,0.8006,0.6959
