# resolution: 1920,1080
frame,track_id,class,x1_norm,y1_norm,x2_norm,y2_norm
0,7524,0,0.2398,0.1631,0.3762,0.8833
1,7524,0,0.2325,0.1639,0.3763,0.9013
2,7524,0,0.2114,0.1653,0.3753,0.9139
3,7524,0,0.1998,0.1675,0.3745,0.9206
4,7524,0,0.1966,0.1691,0.3744,0.9231
5,7524,0,0.1980,0.1692,0.3751,0.9234
6,7524,0,0.1956,0.1688,0.3745,0.9231
7,7524,0,0.2148,0.1686,0.3732,0.9233
8,7524,0,0.2181,0.1677,0.3725,0.9232
9,7524,0,0.2216,0.1671,0.3717,0.9229
10,7524,0,0.2203,0.1666,0.3716,0.9226
11,7524,0,0.2196,0.1667,0.3710,0.9223
12,7524,0,0.2166,0.1666,0.3699,0.9217
13,7524,0,0.2093,0.1676,0.3682,0.9227
14,7524,0,0.2053,0.1690,0.3674,0.9224
15,7524,0,0.1988,0.1731,0.3591,0.9223
16,7524,0,0.1965,0.1756,0.3540,0.9214
17,7524,0,0.1945,0.1771,0.3515,0.9206
18,7524,0,0.1937,0.1780,0.3506,0.9207
19,7524,0,0.1944,0.1787,0.3503,0.9200
20,7524,0,0.1955,0.1786,0.3504,0.9211
21,7524,0,0.1928,0.1777,0.3509,0.9220
22,7524,0,0.1905,0.1778,0.3513,0.9236
23,7524,0,0.1896,0.1774,0.3513,0.9238
24,7524,0,0.1878,0.1766,0.3502,0.9241
25,7524,0,0.1866,0.1759,0.3485,0.9301
26,7524,0,0.1848,0.1762,0.3452,0.9398
27,7524,0,0.1842,0.1764,0.3436,0.9443
28,7524,0,0.1853,0.1756,0.3426,0.9527
29,7524,0,0.1863,0.1753,0.3409,0.9631
30,7524,0,0.1872,0.1752,0.3404,0.9710
31,7524,0,0.1882,0.1750,0.3397,0.9765
32,7524,0,0.1898,0.1743,0.3406,0.9774
33,7524,0,0.1912,0.1738,0.3502,0.9837
34,7524,0,0.1931,0.1753,0.3659,0.9838
35,7524,0,0.1947,0.1752,0.3796,0.9862
36,7524,0,0.1984,0.1772,0.3896,0.9699
37,7524,0,0.2019,0.1783,0.3981,0.9560
38,7524,0,0.2045,0.1793,0.4041,0.9476
39,7524,0,0.2074,0.1792,0.4070,0.9452
40,7524,0,0.2093,0.1795,0.4079,0.9393
41,7524,0,0.2121,0.1783,0.4086,0.9348
42,7524,0,0.2165,0.2821,0.4105,0.9357
43,7524,0,0.2191,0.2118,0.4094,0.9402
44,7524,0,0.2216,0.1899,0.4088,0.9417
45,7524,0,0.2254,0.1824,0.4088,0.9406
46,7524,0,0.2281,0.1793,0.4091,0.9401
47,7524,0,0.2309,0.1770,0.4105,0.9421
48,7524,0,0.2346,0.1769,0.4116,0.9446
49,7524,0,0.2377,0.1759,0.4122,0.9462
50,7524,0,0.2409,0.1749,0.4123,0.9453
51,7524,0,0.2447,0.1754,0.4113,0.9432
52,7524,0,0.2494,0.1751,0.4103,0.9393
53,7524,0,0.2533,0.1754,0.4120,0.9387
54,7524,0,0.2570,0.1763,0.4135,0.9375
55,7524,0,0.2604,0.1783,0.4113,0.9394
56,7524,0,0.2633,0.1787,0.4102,0.9393
57,7524,0,0.2649,0.1797,0.4129,0.9375
58,7524,0,0.2680,0.1804,0.4131,0.9391
59,7524,0,0.2716,0.1807,0.4155,0.9396
60,7524,0,0.2746,0.1800,0.4185,0.9425
61,7524,0,0.2773,0.1805,0.4233,0.9410
62,7524,0,0.2784,0.1802,0.4209,0.9377
63,7524,0,0.2798,0.1792,0.4296,0.9402
64,7524,0,0.2819,0.1784,0.4349,0.9347
65,7524,0,0.2850,0.1788,0.4363,0.9323
66,7524,0,0.2879,0.1780,0.4432,0.9330
67,7524,0,0.2901,0.1777,0.4496,0.9336
68,7524,0,0.2930,0.1777,0.4561,0.9352
69,7524,0,0.2960,0.1781,0.4648,0.9356
70,7524,0,0.2984,0.1779,0.4775,0.9394
71,7524,0,0.3020,0.1782,0.4893,0.9393
72,7524,0,0.3055,0.1782,0.5018,0.9383
73,7524,0,0.3086,0.1780,0.5110,0.9388
74,7524,0,0.3116,0.1788,0.5150,0.9384
75,7524,0,0.3155,0.1798,0.5179,0.9394
76,7524,0,0.3205,0.1813,0.5179,0.9388
77,7524,0,0.3248,0.1821,0.5173,0.9382
78,7524,0,0.3281,0.1823,0.5186,0.9394
79,7524,0,0.3325,0.1819,0.5193,0.9404
80,7524,0,0.3357,0.1811,0.5205,0.9406
81,7524,0,0.3388,0.1804,0.5218,0.9419
82,7524,0,0.3426,0.1791,0.5230,0.9434
83,7524,0,0.3460,0.1787,0.5242,0.9434
84,7524,0,0.3458,0.1790,0.5247,0.9422
85,7524,0,0.3462,0.1798,0.5296,0.9421
86,7524,0,0.3486,0.1787,0.5324,0.9400
87,7524,0,0.3511,0.1781,0.5378,0.9374
88,7524,0,0.3555,0.1764,0.5385,0.9348
89,7524,0,0.3641,0.1742,0.5420,0.9314
90,7524,0,0.3744,0.1730,0.5503,0.9312
91,7524,0,0.3882,0.1736,0.5443,0.9338
92,7524,0,0.3988,0.1711,0.5488,0.9372
93,7524,0,0.4050,0.1694,0.5557,0.9424
94,7524,0,0.4095,0.1684,0.5601,0.9501
95,7524,0,0.4128,0.1682,0.5673,0.9550
96,7524,0,0.4165,0.1694,0.5744,0.9536
97,7524,0,0.4197,0.1689,0.5892,0.9561
98,7524,0,0.4234,0.1684,0.6041,0.9462
99,7524,0,0.4269,0.1688,0.6231,0.9416
100,7524,0,0.4304,0.1696,0.6358,0.9430
101,7524,0,0.4354,0.1717,0.6426,0.9430
102,7524,0,0.4398,0.1725,0.6459,0.9400
103,7524,0,0.4447,0.1728,0.6476,0.9393
104,7524,0,0.4493,0.1740,0.6510,0.9426
105,7524,0,0.4531,0.1746,0.6539,0.9471
106,7524,0,0.4546,0.1752,0.6561,0.9519
107,7524,0,0.4537,0.1754,0.6570,0.9541
108,7524,0,0.4535,0.1731,0.6583,0.9560
109,7524,0,0.4536,0.1713,0.6590,0.9584
110,7524,0,0.4544,0.1674,0.6598,0.9612
111,7524,0,0.4564,0.1654,0.6636,0.9633
112,7524,0,0.4590,0.1650,0.6673,0.9617
113,7524,0,0.4618,0.1684,0.6692,0.9595
114,7524,0,0.4667,0.1672,0.6668,0.9590
115,7524,0,0.4759,0.1668,0.6627,0.9595
116,7524,0,0.4860,0.1688,0.6607,0.9575
117,7524,0,0.4961,0.1678,0.6695,0.9571
118,7524,0,0.5096,0.1700,0.6928,0.9569
119,7524,0,0.5227,0.1685,0.7015,0.9577
120,7524,0,0.5306,0.1674,0.7037,0.9600
120,7577,0,0.5295,0.1858,0.8492,0.9620
121,7524,0,0.5353,0.1676,0.7018,0.9570
122,7524,0,0.5377,0.1695,0.6885,0.9597
123,7524,0,0.5395,0.1648,0.6944,0.9530
124,7524,0,0.5429,0.1632,0.7108,0.9487
124,7577,0,0.5432,0.1931,0.8478,0.9485
125,7524,0,0.5466,0.1632,0.7168,0.9476
125,7577,0,0.5465,0.1990,0.8477,0.9477
126,7524,0,0.5508,0.1627,0.7284,0.9505
127,7524,0,0.5559,0.1645,0.7413,0.9555
127,7577,0,0.5557,0.1762,0.8476,0.9555
128,7524,0,0.5605,0.1645,0.7511,0.9608
129,7524,0,0.5662,0.1662,0.7564,0.9611
130,7524,0,0.5709,0.1651,0.7610,0.9614
131,7524,0,0.5740,0.1647,0.7652,0.9626
132,7524,0,0.5739,0.1657,0.7686,0.9627
133,7524,0,0.5720,0.1661,0.7738,0.9632
134,7524,0,0.5721,0.1655,0.7809,0.9628
135,7524,0,0.5738,0.1640,0.7914,0.9618
136,7524,0,0.5766,0.1630,0.8013,0.9600
137,7524,0,0.5788,0.1602,0.8097,0.9579
138,7524,0,0.5798,0.1555,0.8161,0.9546
139,7524,0,0.5813,0.1542,0.8161,0.9552
140,7524,0,0.5861,0.1512,0.8207,0.9535
141,7524,0,0.5926,0.1491,0.8331,0.9445
142,7524,0,0.6031,0.1491,0.8401,0.9459
143,7524,0,0.6151,0.1502,0.8428,0.9376
144,7524,0,0.6279,0.1498,0.8454,0.9347
145,7524,0,0.6405,0.1481,0.8478,0.9278
146,7524,0,0.6544,0.1482,0.8519,0.9219
147,7524,0,0.6617,0.1444,0.8543,0.9304
148,7524,0,0.6660,0.1416,0.8556,0.9478
149,7524,0,0.6694,0.1402,0.8566,0.9437
150,7524,0,0.6733,0.1343,0.8578,0.9423
151,7524,0,0.6768,0.1356,0.8636,0.9297
152,7524,0,0.6799,0.1377,0.8714,0.9199
153,7524,0,0.6833,0.1403,0.8802,0.9136
154,7524,0,0.6856,0.1430,0.8886,0.9117
155,7524,0,0.6876,0.1441,0.8976,0.9095
156,7524,0,0.6898,0.1445,0.9045,0.9077
157,7524,0,0.6931,0.1453,0.9086,0.9095
158,7524,0,0.6974,0.1459,0.9115,0.9115
159,7524,0,0.7000,0.1465,0.9118,0.9114
160,7524,0,0.7015,0.1470,0.9132,0.9158
161,7524,0,0.7029,0.1461,0.9234,0.9157
162,7524,0,0.7035,0.1465,0.9331,0.9150
163,7524,0,0.7036,0.1452,0.9322,0.9152
164,7524,0,0.7039,0.1437,0.9395,0.9156
165,7524,0,0.7041,0.1450,0.9506,0.9160
166,7524,0,0.7049,0.1453,0.9457,0.9144
167,7524,0,0.7070,0.1442,0.9451,0.9139
168,7524,0,0.7892,0.1386,0.9765,0.9117
169,7524,0,0.8240,0.1355,0.9949,0.9118
170,7524,0,0.8296,0.1339,0.9987,0.8960
171,7524,0,0.8245,0.1340,0.9964,0.8944
172,7524,0,0.8086,0.1354,0.9931,0.9026
173,7524,0,0.7896,0.1361,0.9892,0.9061
174,7524,0,0.7678,0.1373,0.9841,0.9054
175,7524,0,0.7505,0.1408,0.9780,0.9066
176,7524,0,0.7407,0.1445,0.9721,0.9205
177,7524,0,0.7328,0.1460,0.9667,0.9235
178,7524,0,0.7274,0.1475,0.9608,0.9243
179,7524,0,0.7236,0.1479,0.9549,0.9200
180,7524,0,0.7199,0.1492,0.9491,0.9190
181,7524,0,0.7158,0.1499,0.9422,0.9156
182,7524,0,0.7138,0.1506,0.9370,0.9165
183,7524,0,0.7124,0.1515,0.9364,0.9149
184,7524,0,0.7131,0.1499,0.9355,0.9157
185,7524,0,0.7128,0.1489,0.9354,0.9131
186,7524,0,0.7116,0.1473,0.9330,0.9141
187,7524,0,0.7116,0.1470,0.9288,0.9110
188,7524,0,0.7097,0.1469,0.9223,0.9077
189,7524,0,0.7080,0.1463,0.9115,0.9054
190,7524,0,0.7046,0.1460,0.9007,0.9021
191,7524,0,0.6970,0.1467,0.8850,0.9039
192,7524,0,0.6933,0.1458,0.8707,0.9093
193,7524,0,0.6972,0.1469,0.8602,0.9063
194,7524,0,0.6886,0.1474,0.8531,0.9129
195,7524,0,0.6776,0.1470,0.8474,0.9193
196,7524,0,0.6705,0.1460,0.8435,0.9447
197,7524,0,0.6668,0.1449,0.8379,0.9467
198,7524,0,0.6615,0.1464,0.8317,0.9545
199,7524,0,0.6450,0.1487,0.8263,0.9647
200,7524,0,0.6328,0.1513,0.8207,0.9536
201,7524,0,0.6212,0.1529,0.8142,0.9572
202,7524,0,0.6102,0.1564,0.8096,0.9653
203,7524,0,0.6033,0.1575,0.8237,0.9679
204,7524,0,0.5993,0.1598,0.8279,0.9715
205,7524,0,0.5935,0.1648,0.8265,0.9767
206,7524,0,0.5930,0.1672,0.8273,0.9788
207,7524,0,0.5925,0.1693,0.8305,0.9794
208,7524,0,0.5898,0.1696,0.8317,0.9781
209,7524,0,0.5886,0.1700,0.8260,0.9775
210,7524,0,0.5875,0.1667,0.8308,0.9764
211,7524,0,0.5886,0.1628,0.8310,0.9752
212,7524,0,0.5832,0.1612,0.8314,0.9794
213,7524,0,0.5873,0.1604,0.8300,0.9595
214,7524,0,0.5846,0.1613,0.8298,0.9531
215,7524,0,0.5717,0.1622,0.8293,0.9411
216,7524,0,0.5685,0.1631,0.8289,0.9515
217,7524,0,0.5539,0.1627,0.8291,0.9553
218,7524,0,0.5451,0.1620,0.8293,0.9434
219,7524,0,0.5403,0.1630,0.8297,0.9526
220,7524,0,0.5315,0.1680,0.8302,0.9704
221,7524,0,0.5173,0.1695,0.8295,0.9778
222,7524,0,0.5015,0.1711,0.8286,0.9810
223,7524,0,0.4879,0.1716,0.8283,0.9826
224,7524,0,0.4775,0.1703,0.8275,0.9839
225,7524,0,0.4706,0.1767,0.8272,0.9835
225,7606,0,0.4736,0.1734,0.6819,0.9818
226,7606,0,0.4694,0.1745,0.6774,0.9814
227,7606,0,0.4653,0.1743,0.6748,0.9838
228,7606,0,0.4628,0.1738,0.6747,0.9846
229,7606,0,0.4594,0.1744,0.6746,0.9863
230,7606,0,0.4603,0.1688,0.6753,0.9848
231,7606,0,0.4595,0.1662,0.6759,0.9845
232,7606,0,0.4587,0.1660,0.6761,0.9847
233,7606,0,0.4555,0.1673,0.6732,0.9824
234,7606,0,0.4474,0.1663,0.6668,0.9689
235,7606,0,0.4416,0.1650,0.6606,0.9577
236,7606,0,0.4413,0.1640,0.6554,0.9533
237,7606,0,0.4428,0.1631,0.6467,0.9540
238,7606,0,0.4466,0.1623,0.6375,0.9533
239,7606,0,0.4390,0.1603,0.6232,0.9460
240,7606,0,0.4350,0.1592,0.6077,0.9431
241,7606,0,0.4344,0.1589,0.5911,0.9369
242,7606,0,0.4312,0.1584,0.5800,0.9309
243,7606,0,0.4388,0.1556,0.5735,0.9457
244,7606,0,0.4227,0.1573,0.5707,0.9618
245,7606,0,0.4198,0.1588,0.5677,0.9616
246,7606,0,0.4116,0.1589,0.5639,0.9551
247,7606,0,0.4091,0.1580,0.5612,0.9455
248,7606,0,0.3905,0.1608,0.5586,0.9451
249,7606,0,0.3792,0.1613,0.5551,0.9480
250,7606,0,0.3680,0.1604,0.5517,0.9484
251,7606,0,0.3568,0.1607,0.5496,0.9537
252,7606,0,0.3497,0.1593,0.5459,0.9562
253,7606,0,0.3450,0.1625,0.5412,0.9559
254,7606,0,0.3450,0.1618,0.5381,0.9559
255,7606,0,0.3443,0.1633,0.5357,0.9565
256,7606,0,0.3411,0.1668,0.5337,0.9594
257,7606,0,0.3359,0.1659,0.5325,0.9646
258,7606,0,0.3335,0.1686,0.5317,0.9651
259,7606,0,0.3316,0.1699,0.5316,0.9676
260,7606,0,0.3303,0.1703,0.5319,0.9709
261,7606,0,0.3293,0.1693,0.5320,0.9735
262,7606,0,0.3276,0.1689,0.5318,0.9765
263,7606,0,0.3290,0.1660,0.5310,0.9786
264,7606,0,0.3308,0.1657,0.5285,0.9771
265,7606,0,0.3322,0.1676,0.5259,0.9714
266,7606,0,0.3236,0.1680,0.5192,0.9676
267,7606,0,0.3223,0.1665,0.5111,0.9619
268,7606,0,0.3125,0.1646,0.5013,0.9590
269,7606,0,0.3091,0.1676,0.4928,0.9581
270,7606,0,0.3159,0.1654,0.4794,0.9534
271,7606,0,0.3178,0.1656,0.4627,0.9485
272,7606,0,0.3179,0.1670,0.4487,0.9476
273,7606,0,0.3147,0.1677,0.4411,0.9479
274,7606,0,0.3057,0.1655,0.4371,0.9498
275,7606,0,0.2953,0.1658,0.4338,0.9499
276,7606,0,0.2862,0.1677,0.4306,0.9489
277,7606,0,0.2752,0.1696,0.4275,0.9503
278,7606,0,0.2750,0.1696,0.4253,0.9511
279,7606,0,0.2776,0.1714,0.4223,0.9526
280,7606,0,0.2761,0.1722,0.4183,0.9535
281,7606,0,0.2725,0.1719,0.4154,0.9534
282,7606,0,0.2651,0.1718,0.4141,0.9531
283,7606,0,0.2529,0.1707,0.4138,0.9522
284,7606,0,0.2584,0.1713,0.4133,0.9513
285,7606,0,0.2589,0.1731,0.4135,0.9507
286,7606,0,0.2484,0.1714,0.4133,0.9514
287,7606,0,0.2422,0.1689,0.4105,0.9532
288,7606,0,0.2370,0.1692,0.4042,0.9569
289,7606,0,0.2318,0.1662,0.3996,0.9564
290,7606,0,0.2291,0.1662,0.3915,0.9559
291,7606,0,0.2271,0.1650,0.3876,0.9464
292,7606,0,0.2253,0.1668,0.3855,0.9392
293,7606,0,0.2235,0.1673,0.3849,0.9392
294,7606,0,0.2215,0.1666,0.3843,0.9366
295,7606,0,0.2200,0.1640,0.3841,0.9306
296,7606,0,0.2192,0.1620,0.3835,0.9317
297,7606,0,0.2185,0.1617,0.3817,0.9348
298,7606,0,0.2183,0.1616,0.3792,0.9345
299,7606,0,0.2184,0.1619,0.3892,0.9379
300,7606,0,0.2172,0.1630,0.3970,0.9398
301,7606,0,0.2162,0.1634,0.4002,0.9414
302,7606,0,0.2154,0.1639,0.4008,0.9403
303,7606,0,0.2151,0.1628,0.3982,0.9375
304,7606,0,0.2154,0.1614,0.3958,0.9367
305,7606,0,0.2148,0.1627,0.3968,0.9361
306,7606,0,0.2153,0.1623,0.3921,0.9351
307,7606,0,0.2145,0.1618,0.3865,0.9333
308,7606,0,0.2131,0.1614,0.3764,0.9340
309,7606,0,0.2116,0.1603,0.3642,0.9344
310,7606,0,0.2100,0.1585,0.3547,0.9354
311,7606,0,0.2087,0.1577,0.3529,0.9355
312,7606,0,0.2072,0.1564,0.3501,0.9335
313,7606,0,0.2062,0.1556,0.3506,0.9328
314,7606,0,0.2050,0.1562,0.3500,0.9316
315,7606,0,0.2038,0.1568,0.3500,0.9325
316,7606,0,0.2024,0.1577,0.3578,0.9325
317,7606,0,0.2010,0.1572,0.3627,0.9265
318,7606,0,0.2001,0.1569,0.3677,0.9192
319,7606,0,0.1997,0.1580,0.3754,0.9116
