# resolution: 1920,1080
frame,track_id,class,x1_norm,y1_norm,x2_norm,y2_norm
0,4282,0,0.1123,0.3583,0.2485,0.9852
1,4282,0,0.1094,0.3581,0.2470,0.9873
2,4282,0,0.1067,0.3582,0.2454,0.9866
3,4282,0,0.1054,0.3580,0.2436,0.9865
4,4282,0,0.1039,0.3581,0.2428,0.9872
5,4282,0,0.1028,0.3581,0.2418,0.9860
6,4282,0,0.1015,0.3587,0.2405,0.9848
7,4282,0,0.1005,0.3587,0.2387,0.9843
8,4282,0,0.0999,0.3579,0.2377,0.9839
9,4282,0,0.0991,0.3576,0.2365,0.9855
10,4282,0,0.0993,0.3577,0.2352,0.9859
11,4282,0,0.0994,0.3581,0.2338,0.9868
12,4282,0,0.0979,0.3584,0.2324,0.9875
13,4282,0,0.0958,0.3577,0.2308,0.9886
14,4282,0,0.0925,0.3568,0.2291,0.9882
15,4282,0,0.0906,0.3552,0.2281,0.9879
16,4282,0,0.0871,0.3544,0.2283,0.9873
17,4282,0,0.0839,0.3550,0.2296,0.9890
18,4282,0,0.0818,0.3549,0.2289,0.9887
19,4282,0,0.0813,0.3551,0.2265,0.9887
20,4282,0,0.0821,0.3554,0.2231,0.9877
21,4282,0,0.0838,0.3535,0.2194,0.9872
22,4282,0,0.0841,0.3537,0.2162,0.9863
23,4282,0,0.0848,0.3538,0.2145,0.9863
24,4282,0,0.0856,0.3539,0.2136,0.9863
25,4282,0,0.0872,0.3534,0.2131,0.9871
26,4282,0,0.0883,0.3529,0.2127,0.9880
27,4282,0,0.0890,0.3524,0.2126,0.9882
28,4282,0,0.0890,0.3521,0.2125,0.9875
29,4282,0,0.0880,0.3520,0.2123,0.9862
30,4282,0,0.0868,0.3520,0.2123,0.9860
31,4282,0,0.0855,0.3520,0.2126,0.9863
32,4282,0,0.0842,0.3520,0.2130,0.9868
33,4282,0,0.0836,0.3515,0.2133,0.9871
34,4282,0,0.0836,0.3516,0.2137,0.9875
35,4282,0,0.0836,0.3527,0.2144,0.9879
36,4282,0,0.0842,0.3535,0.2151,0.9880
37,4282,0,0.0849,0.3544,0.2159,0.9879
38,4282,0,0.0860,0.3549,0.2170,0.9881
39,4282,0,0.0875,0.3555,0.2184,0.9881
40,4282,0,0.0890,0.3553,0.2206,0.9880
41,4282,0,0.0904,0.3552,0.2234,0.9878
42,4282,0,0.0931,0.3560,0.2278,0.9880
43,4282,0,0.0958,0.3563,0.2320,0.9877
44,4282,0,0.0984,0.3564,0.2364,0.9874
45,4282,0,0.1006,0.3559,0.2399,0.9878
46,4282,0,0.1019,0.3553,0.2462,0.9879
47,4282,0,0.1043,0.3551,0.2512,0.9885
48,4282,0,0.1068,0.3544,0.2555,0.9889
49,4282,0,0.1095,0.3545,0.2573,0.9890
50,4282,0,0.1120,0.3548,0.2609,0.9884
51,4282,0,0.1141,0.3557,0.2654,0.9882
52,4282,0,0.1154,0.3562,0.2694,0.9884
53,4282,0,0.1171,0.3567,0.2723,0.9884
54,4282,0,0.1185,0.3567,0.2759,0.9887
55,4282,0,0.1207,0.3565,0.2801,0.9908
56,4282,0,0.1235,0.3566,0.2833,0.9916
57,4282,0,0.1254,0.3566,0.2858,0.9917
58,4282,0,0.1279,0.3566,0.2875,0.9909
59,4282,0,0.1299,0.3567,0.2884,0.9902
60,4282,0,0.1315,0.3564,0.2903,0.9888
61,4282,0,0.1329,0.3566,0.2921,0.9883
62,4282,0,0.1347,0.3563,0.2934,0.9876
63,4282,0,0.1368,0.3561,0.2917,0.9872
64,4282,0,0.1386,0.3563,0.2922,0.9863
65,4282,0,0.1404,0.3563,0.2933,0.9846
66,4282,0,0.1420,0.3565,0.2951,0.9846
67,4282,0,0.1435,0.3563,0.2974,0.9852
68,4282,0,0.1447,0.3561,0.2981,0.9861
69,4282,0,0.1460,0.3559,0.2948,0.9869
70,4282,0,0.1475,0.3549,0.2904,0.9866
71,4282,0,0.1497,0.3534,0.2919,0.9867
72,4282,0,0.1515,0.3510,0.3082,0.9865
73,4282,0,0.1530,0.3489,0.3134,0.9872
74,4282,0,0.1541,0.3471,0.3157,0.9876
75,4282,0,0.1553,0.3459,0.3160,0.9881
76,4282,0,0.1562,0.3445,0.3190,0.9881
77,4282,0,0.1581,0.3437,0.3213,0.9878
78,4282,0,0.1598,0.3436,0.3205,0.9876
79,4282,0,0.1616,0.3421,0.3190,0.9881
80,4282,0,0.1634,0.3417,0.3212,0.9883
81,4282,0,0.1649,0.3420,0.3220,0.9867
82,4282,0,0.1664,0.3422,0.3219,0.9863
83,4282,0,0.1684,0.3424,0.3186,0.9866
84,4282,0,0.1709,0.3423,0.3274,0.9874
85,4282,0,0.1734,0.3428,0.3320,0.9896
86,4282,0,0.1759,0.3426,0.3342,0.9905
87,4282,0,0.1783,0.3433,0.3358,0.9910
88,4282,0,0.1809,0.3439,0.3362,0.9903
89,4282,0,0.1838,0.3443,0.3379,0.9894
90,4282,0,0.1869,0.3437,0.3371,0.9885
91,4282,0,0.1894,0.3457,0.3396,0.9879
92,4282,0,0.1910,0.3473,0.3413,0.9876
93,4282,0,0.1935,0.3501,0.3406,0.9875
94,4282,0,0.1957,0.3516,0.3486,0.9883
95,4282,0,0.1979,0.3522,0.3567,0.9889
96,4282,0,0.2002,0.3533,0.3595,0.9895
97,4282,0,0.2010,0.3538,0.3574,0.9892
98,4282,0,0.2044,0.3547,0.3594,0.9884
99,4282,0,0.2067,0.3545,0.3641,0.9883
100,4282,0,0.2078,0.3534,0.3776,0.9877
101,4282,0,0.2074,0.3515,0.3841,0.9883
102,4282,0,0.2119,0.3515,0.3873,0.9868
103,4282,0,0.2155,0.3513,0.3902,0.9872
104,4282,0,0.2187,0.3520,0.3883,0.9877
105,4282,0,0.2216,0.3523,0.3856,0.9879
106,4282,0,0.2251,0.3529,0.3865,0.9882
107,4282,0,0.2302,0.3525,0.3863,0.9887
108,4282,0,0.2384,0.3525,0.3873,0.9882
109,4282,0,0.2473,0.3529,0.3917,0.9879
110,4282,0,0.2583,0.3518,0.4024,0.9846
111,4282,0,0.2651,0.3516,0.4081,0.9833
112,4282,0,0.2696,0.3516,0.4075,0.9841
113,4282,0,0.2731,0.3525,0.4055,0.9843
114,4282,0,0.2752,0.3537,0.4067,0.9860
115,4282,0,0.2776,0.3541,0.4083,0.9863
116,4282,0,0.2796,0.3552,0.4124,0.9842
117,4282,0,0.2818,0.3557,0.4184,0.9844
118,4282,0,0.2839,0.3565,0.4244,0.9849
119,4282,0,0.2860,0.3564,0.4315,0.9856
120,4282,0,0.2881,0.3569,0.4338,0.9865
121,4282,0,0.2901,0.3573,0.4314,0.9868
122,4282,0,0.2918,0.3575,0.4333,0.9866
123,4282,0,0.2926,0.3575,0.4349,0.9869
124,4282,0,0.2925,0.3570,0.4337,0.9869
125,4282,0,0.2927,0.3570,0.4378,0.9870
126,4282,0,0.2925,0.3571,0.4469,0.9869
127,4282,0,0.2932,0.3565,0.4485,0.9867
128,4282,0,0.2943,0.3561,0.4486,0.9869
129,4282,0,0.2947,0.3556,0.4529,0.9863
130,4282,0,0.2967,0.3533,0.4553,0.9886
131,4282,0,0.2955,0.3523,0.4550,0.9881
132,4282,0,0.2968,0.3518,0.4560,0.9881
133,4282,0,0.3036,0.3509,0.4616,0.9873
134,4282,0,0.3078,0.3503,0.4705,0.9866
135,4282,0,0.3121,0.3484,0.4797,0.9877
136,4282,0,0.3124,0.3474,0.4829,0.9892
137,4282,0,0.3169,0.3470,0.4776,0.9896
138,4282,0,0.3236,0.3483,0.4826,0.9889
139,4282,0,0.3334,0.3486,0.4847,0.9886
140,4282,0,0.3376,0.3480,0.4833,0.9883
141,4282,0,0.3422,0.3474,0.4850,0.9876
142,4282,0,0.3443,0.3476,0.4857,0.9865
143,4282,0,0.3463,0.3475,0.4869,0.9854
144,4282,0,0.3518,0.3479,0.4900,0.9844
145,4282,0,0.3558,0.3502,0.4955,0.9853
146,4282,0,0.3587,0.3509,0.5025,0.9859
147,4282,0,0.3628,0.3507,0.5067,0.9848
148,4282,0,0.3651,0.3510,0.5101,0.9855
149,4282,0,0.3668,0.3517,0.5123,0.9862
150,4282,0,0.3684,0.3528,0.5138,0.9889
151,4282,0,0.3712,0.3538,0.5146,0.9901
152,4282,0,0.3744,0.3559,0.5186,0.9889
153,4282,0,0.3758,0.3561,0.5205,0.9893
154,4282,0,0.3772,0.3562,0.5273,0.9885
155,4282,0,0.3774,0.3566,0.5312,0.9883
156,4282,0,0.3784,0.3574,0.5353,0.9874
157,4282,0,0.3800,0.3574,0.5366,0.9880
158,4282,0,0.3810,0.3575,0.5383,0.9892
159,4282,0,0.3831,0.3570,0.5381,0.9896
160,4282,0,0.3834,0.3570,0.5438,0.9894
161,4282,0,0.3855,0.3565,0.5469,0.9892
162,4282,0,0.3860,0.3568,0.5502,0.9907
163,4282,0,0.3882,0.3574,0.5565,0.9897
164,4282,0,0.3927,0.3577,0.5612,0.9896
165,4282,0,0.3968,0.3583,0.5654,0.9904
166,4282,0,0.4012,0.3578,0.5667,0.9916
167,4282,0,0.4055,0.3585,0.5694,0.9918
168,4282,0,0.4099,0.3583,0.5708,0.9919
169,4282,0,0.4181,0.3580,0.5704,0.9904
170,4282,0,0.4232,0.3578,0.5739,0.9909
171,4282,0,0.4311,0.3568,0.5745,0.9915
172,4282,0,0.4365,0.3566,0.5780,0.9903
173,4282,0,0.4402,0.3573,0.5790,0.9889
174,4282,0,0.4432,0.3574,0.5798,0.9886
175,4282,0,0.4456,0.3578,0.5769,0.9873
176,4282,0,0.4482,0.3579,0.5778,0.9879
177,4282,0,0.4503,0.3585,0.5825,0.9883
178,4282,0,0.4513,0.3579,0.5867,0.9886
179,4282,0,0.4528,0.3579,0.5913,0.9890
180,4282,0,0.4548,0.3582,0.5947,0.9888
181,4282,0,0.4566,0.3598,0.5997,0.9892
182,4282,0,0.4588,0.3601,0.6044,0.9892
183,4282,0,0.4605,0.3601,0.6078,0.9896
184,4282,0,0.4620,0.3605,0.6094,0.9895
185,4282,0,0.4637,0.3606,0.6138,0.9898
186,4282,0,0.4648,0.3596,0.6177,0.9893
187,4282,0,0.4659,0.3584,0.6224,0.9884
188,4282,0,0.4690,0.3575,0.6269,0.9899
189,4282,0,0.4706,0.3561,0.6321,0.9913
190,4282,0,0.4718,0.3552,0.6353,0.9908
191,4282,0,0.4731,0.3545,0.6387,0.9912
192,4282,0,0.4725,0.3532,0.6423,0.9919
193,4282,0,0.4749,0.3545,0.6457,0.9910
194,4282,0,0.4771,0.3543,0.6471,0.9901
195,4282,0,0.4826,0.3530,0.6482,0.9897
196,4282,0,0.4895,0.3530,0.6477,0.9917
197,4282,0,0.4974,0.3524,0.6477,0.9925
198,4282,0,0.5049,0.3529,0.6553,0.9932
199,4282,0,0.5101,0.3525,0.6588,0.9946
200,4282,0,0.5129,0.3520,0.6590,0.9924
201,4282,0,0.5152,0.3517,0.6523,0.9913
202,4282,0,0.5173,0.3518,0.6421,0.9922
203,4282,0,0.5193,0.3520,0.6405,0.9900
204,4282,0,0.5209,0.3533,0.6579,0.9928
205,4282,0,0.5227,0.3545,0.6650,0.9904
206,4282,0,0.5246,0.3545,0.6698,0.9873
207,4282,0,0.5268,0.3551,0.6723,0.9873
208,4282,0,0.5289,0.3553,0.6748,0.9871
209,4282,0,0.5308,0.3553,0.6779,0.9876
210,4282,0,0.5329,0.3541,0.6792,0.9881
211,4282,0,0.5351,0.3538,0.6718,0.9879
212,4282,0,0.5381,0.3541,0.6511,0.9880
213,4282,0,0.5400,0.3542,0.6587,0.9874
214,4282,0,0.5421,0.3536,0.6799,0.9872
215,4282,0,0.5441,0.3558,0.6865,0.9871
216,4282,0,0.5456,0.3547,0.6831,0.9878
217,4282,0,0.5481,0.3550,0.6909,0.9880
218,4282,0,0.5507,0.3573,0.6880,0.9885
219,4282,0,0.5526,0.3602,0.6729,0.9895
220,4282,0,0.5546,0.3626,0.6915,0.9900
221,4282,0,0.5563,0.3661,0.7049,0.9899
222,4282,0,0.5553,0.3676,0.7047,0.9896
223,4282,0,0.5576,0.3664,0.6821,0.9900
224,4282,0,0.5595,0.3641,0.6727,0.9903
225,4282,0,0.5629,0.3638,0.6768,0.9914
226,4282,0,0.5702,0.3640,0.6744,0.9920
227,4282,0,0.5718,0.3632,0.7144,0.9926
228,4282,0,0.5732,0.3659,0.6966,0.9922
229,4282,0,0.5743,0.3693,0.7024,0.9920
230,4282,0,0.5777,0.3754,0.7216,0.9914
231,4282,0,0.5855,0.3690,0.7325,0.9893
232,4282,0,0.5911,0.3631,0.7274,0.9886
233,4282,0,0.5939,0.3609,0.7281,0.9843
233,4390,0,0.5943,0.3635,0.6865,0.9809
234,4390,0,0.5968,0.3594,0.6916,0.9848
235,4390,0,0.5994,0.3590,0.6995,0.9846
236,4390,0,0.6013,0.3591,0.6994,0.9843
237,4390,0,0.6031,0.3602,0.6984,0.9844
238,4390,0,0.6050,0.3607,0.7056,0.9849
239,4282,0,0.6099,0.3617,0.7531,0.9838
240,4390,0,0.6105,0.3619,0.7076,0.9846
241,4390,0,0.6130,0.3624,0.7085,0.9836
242,4390,0,0.6134,0.3610,0.7081,0.9837
243,4390,0,0.6144,0.3614,0.7106,0.9853
244,4390,0,0.6154,0.3615,0.7174,0.9860
245,4390,0,0.6166,0.3612,0.7222,0.9869
246,4390,0,0.6177,0.3629,0.7205,0.9886
247,4390,0,0.6192,0.3610,0.7216,0.9883
248,4390,0,0.6215,0.3604,0.7227,0.9883
249,4390,0,0.6228,0.3594,0.7259,0.9882
250,4390,0,0.6246,0.3579,0.7267,0.9879
251,4390,0,0.6264,0.3572,0.7294,0.9887
252,4390,0,0.6270,0.3563,0.7356,0.9900
253,4390,0,0.6259,0.3569,0.7366,0.9908
254,4390,0,0.6279,0.3568,0.7402,0.9917
255,4390,0,0.6262,0.3554,0.7429,0.9917
256,4390,0,0.6297,0.3545,0.7451,0.9902
257,4390,0,0.6363,0.3551,0.7479,0.9896
258,4390,0,0.6440,0.3553,0.7498,0.9882
259,4390,0,0.6549,0.3562,0.7514,0.9869
260,4282,0,0.6640,0.3540,0.8166,0.9812
261,4282,0,0.6658,0.3540,0.8161,0.9822
262,4282,0,0.6677,0.3502,0.8194,0.9664
263,4282,0,0.6686,0.3519,0.8085,0.9613
264,4282,0,0.6691,0.3525,0.8048,0.9775
265,4282,0,0.6706,0.3515,0.8079,0.9846
266,4282,0,0.6717,0.3515,0.7939,0.9876
267,4282,0,0.6717,0.3520,0.7848,0.9871
268,4282,0,0.6721,0.3510,0.7892,0.9877
269,4282,0,0.6713,0.3488,0.8193,0.9904
270,4282,0,0.6702,0.3494,0.8293,0.9921
271,4282,0,0.6691,0.3498,0.8343,0.9923
272,4282,0,0.6686,0.3483,0.8385,0.9924
273,4282,0,0.6693,0.3489,0.8387,0.9891
274,4282,0,0.6700,0.3497,0.8390,0.9888
275,4282,0,0.6715,0.3507,0.8387,0.9872
276,4282,0,0.6729,0.3519,0.8368,0.9874
277,4282,0,0.6730,0.3499,0.8358,0.9894
278,4282,0,0.6735,0.3511,0.8323,0.9891
279,4282,0,0.6735,0.3514,0.8268,0.9895
280,4282,0,0.6728,0.3514,0.8208,0.9891
281,4282,0,0.6725,0.3506,0.8155,0.9891
282,4282,0,0.6714,0.3498,0.8137,0.9889
283,4282,0,0.6696,0.3491,0.8141,0.9889
284,4282,0,0.6682,0.3476,0.8119,0.9890
285,4282,0,0.6677,0.3471,0.8047,0.9890
286,4282,0,0.6675,0.3478,0.8018,0.9897
287,4282,0,0.6676,0.3485,0.8000,0.9893
288,4282,0,0.6679,0.3488,0.7978,0.9893
289,4282,0,0.6685,0.3498,0.7953,0.9887
290,4282,0,0.6690,0.3504,0.7977,0.9870
291,4282,0,0.6688,0.3512,0.7993,0.9877
292,4282,0,0.6692,0.3518,0.7976,0.9879
293,4282,0,0.6670,0.3523,0.7978,0.9886
294,4282,0,0.6634,0.3524,0.7953,0.9886
295,4282,0,0.6580,0.3527,0.7929,0.9881
296,4282,0,0.6527,0.3526,0.7886,0.9862
297,4282,0,0.6500,0.3510,0.7862,0.9859
298,4282,0,0.6469,0.3507,0.7810,0.9860
299,4282,0,0.6407,0.3520,0.7761,0.9861
300,4282,0,0.6362,0.3528,0.7730,0.9864
301,4282,0,0.6319,0.3535,0.7715,0.9867
302,4282,0,0.6279,0.3535,0.7695,0.9867
303,4282,0,0.6241,0.3541,0.7666,0.9869
304,4282,0,0.6207,0.3545,0.7663,0.9876
305,4282,0,0.6169,0.3549,0.7655,0.9879
306,4282,0,0.6151,0.3550,0.7642,0.9883
307,4282,0,0.6145,0.3546,0.7627,0.9885
308,4282,0,0.6146,0.3544,0.7597,0.9886
309,4282,0,0.6121,0.3553,0.7552,0.9875
310,4282,0,0.6102,0.3559,0.7482,0.9871
311,4282,0,0.6076,0.3558,0.7417,0.9866
312,4282,0,0.6028,0.3537,0.7355,0.9860
313,4282,0,0.5986,0.3542,0.7321,0.9864
314,4282,0,0.5961,0.3558,0.7294,0.9852
315,4282,0,0.5933,0.3564,0.7274,0.9852
316,4282,0,0.5908,0.3576,0.7261,0.9853
317,4282,0,0.5868,0.3580,0.7234,0.9827
318,4282,0,0.5843,0.3576,0.7221,0.9807
319,4282,0,0.5831,0.3575,0.7201,0.9807
320,4282,0,0.5813,0.3580,0.7172,0.9824
321,4282,0,0.5770,0.3581,0.7140,0.9819
322,4282,0,0.5699,0.3576,0.7127,0.9810
323,4282,0,0.5647,0.3575,0.7105,0.9837
