# resolution: 1920,1080
frame,track_id,class,x1_norm,y1_norm,x2_norm,y2_norm
2,1257,0,0.7696,0.2236,0.9022,0.7002
7,1257,0,0.7730,0.2245,0.9067,0.6970
8,1257,0,0.7726,0.2239,0.9072,0.6959
9,1257,0,0.7713,0.2232,0.9066,0.6953
11,1257,0,0.7695,0.2247,0.9080,0.6955
13,1257,0,0.7675,0.2237,0.9096,0.6926
14,1257,0,0.7678,0.2218,0.9111,0.6906
15,1257,0,0.7690,0.2182,0.9129,0.6886
16,1257,0,0.7705,0.2187,0.9146,0.6887
17,1257,0,0.7727,0.2179,0.9167,0.6891
18,1257,0,0.7765,0.2161,0.9186,0.6893
19,1257,0,0.7808,0.2143,0.9194,0.6886
20,1257,0,0.7838,0.2150,0.9203,0.6892
21,1257,0,0.7859,0.2156,0.9205,0.6892
22,1257,0,0.7891,0.2161,0.9206,0.6886
23,1257,0,0.7929,0.2178,0.9203,0.6874
24,1257,0,0.7969,0.2189,0.9198,0.6886
25,1257,0,0.8018,0.2197,0.9187,0.6889
26,1257,0,0.8065,0.2190,0.9178,0.6894
27,1257,0,0.8105,0.2183,0.9165,0.6892
28,1257,0,0.8111,0.2176,0.9152,0.6917
29,1257,0,0.8106,0.2171,0.9135,0.6931
30,1257,0,0.8101,0.2171,0.9123,0.6941
31,1257,0,0.8080,0.2179,0.9093,0.6947
32,1257,0,0.8055,0.2188,0.9075,0.6948
33,1257,0,0.8023,0.2197,0.9048,0.6950
34,1257,0,0.8001,0.2200,0.9022,0.6953
35,1257,0,0.7989,0.2202,0.8988,0.6958
36,1257,0,0.7982,0.2202,0.8949,0.6954
37,1257,0,0.7978,0.2204,0.8924,0.6945
38,1257,0,0.7962,0.2213,0.8918,0.6941
39,1257,0,0.7946,0.2219,0.8914,0.6942
40,1257,0,0.7914,0.2219,0.8902,0.6952
41,1257,0,0.7889,0.2217,0.8903,0.6954
42,1257,0,0.7871,0.2218,0.8921,0.6961
43,1257,0,0.7832,0.2214,0.8930,0.6961
44,1257,0,0.7790,0.2215,0.8941,0.6969
45,1257,0,0.7750,0.2221,0.8950,0.6972
46,1257,0,0.7711,0.2218,0.8964,0.6976
47,1257,0,0.7688,0.2217,0.8972,0.6970
48,1257,0,0.7667,0.2210,0.8971,0.6960
49,1257,0,0.7628,0.2220,0.8966,0.6967
50,1257,0,0.7592,0.2219,0.8944,0.6957
51,1257,0,0.7578,0.2210,0.8921,0.6946
52,1257,0,0.7569,0.2206,0.8894,0.6949
53,1257,0,0.7537,0.2204,0.8873,0.6958
54,1257,0,0.7544,0.2206,0.8837,0.6939
55,1257,0,0.7524,0.2207,0.8758,0.6951
56,1257,0,0.7489,0.2216,0.8695,0.6943
57,1257,0,0.7421,0.2221,0.8670,0.6938
58,1257,0,0.7299,0.2217,0.8636,0.6931
59,1257,0,0.7197,0.2229,0.8601,0.6927
60,1257,0,0.7140,0.2231,0.8578,0.6928
61,1257,0,0.7120,0.2241,0.8571,0.6909
62,1257,0,0.7124,0.2256,0.8561,0.6905
63,1257,0,0.7105,0.2251,0.8541,0.6895
64,1257,0,0.7074,0.2246,0.8511,0.6889
65,1257,0,0.7050,0.2234,0.8461,0.6868
66,1257,0,0.7032,0.2233,0.8401,0.6876
67,1257,0,0.7015,0.2229,0.8363,0.6867
68,1257,0,0.6990,0.2229,0.8307,0.6862
69,1257,0,0.6974,0.2223,0.8254,0.6856
70,1257,0,0.6966,0.2208,0.8210,0.6862
71,1257,0,0.6930,0.2202,0.8156,0.6856
72,1257,0,0.6919,0.2194,0.8102,0.6866
73,1257,0,0.6853,0.2204,0.8040,0.6877
74,1257,0,0.6759,0.2209,0.7974,0.6911
75,1257,0,0.6767,0.2207,0.7907,0.6948
76,1257,0,0.6768,0.2216,0.7838,0.6959
77,1257,0,0.6722,0.2220,0.7765,0.6941
78,1257,0,0.6649,0.2227,0.7674,0.6921
79,1257,0,0.6521,0.2240,0.7570,0.6944
80,1257,0,0.6434,0.2257,0.7501,0.6960
81,1257,0,0.6357,0.2271,0.7473,0.6973
82,1257,0,0.6303,0.2262,0.7447,0.6993
83,1257,0,0.6270,0.2270,0.7438,0.6993
84,1257,0,0.6257,0.2269,0.7439,0.6990
85,1257,0,0.6231,0.2273,0.7448,0.7007
86,1257,0,0.6220,0.2273,0.7442,0.7019
87,1257,0,0.6186,0.2267,0.7440,0.7027
88,1257,0,0.6166,0.2267,0.7419,0.7047
89,1257,0,0.6135,0.2254,0.7362,0.7058
90,1257,0,0.6102,0.2248,0.7300,0.7080
91,1257,0,0.6059,0.2246,0.7188,0.7082
92,1257,0,0.6045,0.2233,0.7100,0.7084
93,1257,0,0.5981,0.2224,0.7040,0.7083
94,1257,0,0.5940,0.2208,0.7010,0.7077
95,1257,0,0.5887,0.2196,0.6978,0.7071
96,1257,0,0.5875,0.2184,0.6953,0.7064
97,1257,0,0.5884,0.2171,0.6910,0.7059
98,1257,0,0.5819,0.2172,0.6855,0.7044
99,1257,0,0.5726,0.2193,0.6806,0.7031
100,1257,0,0.5626,0.2218,0.6767,0.7063
101,1257,0,0.5488,0.2236,0.6725,0.7091
102,1257,0,0.5408,0.2231,0.6696,0.7119
103,1257,0,0.5350,0.2240,0.6669,0.7134
104,1257,0,0.5362,0.2253,0.6638,0.7114
105,1257,0,0.5352,0.2279,0.6628,0.7096
106,1257,0,0.5330,0.2285,0.6628,0.7086
107,1257,0,0.5306,0.2283,0.6615,0.7073
108,1257,0,0.5270,0.2269,0.6602,0.7037
109,1257,0,0.5223,0.2253,0.6570,0.7008
110,1257,0,0.5181,0.2223,0.6534,0.6982
111,1257,0,0.5140,0.2200,0.6483,0.6955
112,1257,0,0.5077,0.2185,0.6432,0.6937
113,1257,0,0.5022,0.2173,0.6375,0.6924
114,1257,0,0.4977,0.2169,0.6312,0.6945
115,1257,0,0.4936,0.2172,0.6272,0.6963
116,1257,0,0.4907,0.2166,0.6216,0.7000
117,1257,0,0.4860,0.2188,0.6155,0.7051
118,1257,0,0.4797,0.2205,0.6065,0.7094
119,1257,0,0.4795,0.2211,0.5951,0.7104
120,1257,0,0.4722,0.2233,0.5835,0.7099
121,1257,0,0.4650,0.2245,0.5736,0.7093
122,1257,0,0.4558,0.2262,0.5699,0.7111
123,1257,0,0.4481,0.2275,0.5696,0.7108
124,1257,0,0.4450,0.2289,0.5721,0.7124
125,1257,0,0.4429,0.2294,0.5717,0.7128
126,1257,0,0.4410,0.2304,0.5722,0.7130
127,1257,0,0.4387,0.2311,0.5717,0.7140
128,1257,0,0.4355,0.2289,0.5718,0.7150
129,1257,0,0.4332,0.2249,0.5665,0.7163
130,1257,0,0.4276,0.2232,0.5630,0.7161
131,1257,0,0.4242,0.2220,0.5572,0.7173
132,1257,0,0.4202,0.2239,0.5497,0.7131
133,1257,0,0.4134,0.2239,0.5425,0.7175
134,1257,0,0.4075,0.2243,0.5333,0.7201
135,1257,0,0.4072,0.2232,0.5246,0.7209
136,1257,0,0.4033,0.2216,0.5143,0.7221
137,1257,0,0.3985,0.2219,0.5043,0.7207
138,1257,0,0.3980,0.2213,0.4948,0.7169
139,1257,0,0.3902,0.2215,0.4912,0.7171
140,1257,0,0.3832,0.2223,0.4843,0.7153
141,1257,0,0.3758,0.2247,0.4809,0.7125
142,1257,0,0.3671,0.2274,0.4813,0.7189
143,1257,0,0.3586,0.2289,0.4824,0.7235
144,1257,0,0.3538,0.2308,0.4823,0.7290
145,1257,0,0.3517,0.2310,0.4820,0.7320
146,1257,0,0.3512,0.2303,0.4799,0.7302
147,1257,0,0.3477,0.2307,0.4778,0.7277
148,1257,0,0.3455,0.2323,0.4759,0.7249
149,1257,0,0.3448,0.2307,0.4712,0.7223
150,1257,0,0.3441,0.2295,0.4673,0.7182
151,1257,0,0.3325,0.2265,0.4635,0.7136
152,1257,0,0.3292,0.2253,0.4599,0.7103
153,1257,0,0.3231,0.2253,0.4557,0.7101
154,1257,0,0.3168,0.2242,0.4521,0.7100
155,1257,0,0.3116,0.2232,0.4477,0.7119
156,1257,0,0.3071,0.2226,0.4421,0.7120
157,1257,0,0.3020,0.2225,0.4365,0.7160
158,1257,0,0.2998,0.2231,0.4261,0.7166
159,1257,0,0.2981,0.2239,0.4140,0.7164
160,1257,0,0.2909,0.2249,0.4024,0.7149
161,1257,0,0.2837,0.2259,0.3914,0.7152
162,1257,0,0.2697,0.2301,0.3893,0.7149
163,1257,0,0.2619,0.2319,0.3897,0.7163
164,1257,0,0.2574,0.2329,0.3901,0.7168
165,1257,0,0.2495,0.2332,0.3898,0.7194
166,1257,0,0.2498,0.2338,0.3891,0.7210
167,1257,0,0.2469,0.2339,0.3878,0.7224
168,1257,0,0.2445,0.2339,0.3857,0.7233
169,1257,0,0.2434,0.2323,0.3851,0.7225
170,1257,0,0.2418,0.2318,0.3845,0.7224
171,1257,0,0.2377,0.2298,0.3812,0.7212
172,1257,0,0.2332,0.2268,0.3747,0.7208
173,1257,0,0.2286,0.2248,0.3658,0.7203
174,1257,0,0.2239,0.2236,0.3537,0.7212
175,1257,0,0.2184,0.2225,0.3433,0.7204
176,1257,0,0.2136,0.2211,0.3311,0.7193
177,1257,0,0.2106,0.2177,0.3184,0.7211
178,1257,0,0.2092,0.2180,0.3077,0.7257
179,1257,0,0.2056,0.2168,0.2996,0.7272
180,1257,0,0.2022,0.2158,0.2947,0.7280
181,1257,0,0.2015,0.2161,0.2908,0.7276
182,1257,0,0.1972,0.2181,0.2888,0.7257
183,1257,0,0.1902,0.2184,0.2874,0.7258
184,1257,0,0.1801,0.2199,0.2872,0.7278
185,1257,0,0.1684,0.2217,0.2883,0.7301
186,1257,0,0.1625,0.2237,0.2877,0.7301
187,1257,0,0.1533,0.2247,0.2882,0.7309
188,1257,0,0.1515,0.2271,0.2877,0.7304
189,1257,0,0.1532,0.2281,0.2868,0.7297
190,1257,0,0.1520,0.2290,0.2864,0.7295
191,1257,0,0.1496,0.2281,0.2852,0.7307
192,1257,0,0.1464,0.2280,0.2843,0.7308
193,1257,0,0.1425,0.2278,0.2833,0.7313
194,1257,0,0.1371,0.2263,0.2804,0.7297
195,1257,0,0.1332,0.2253,0.2781,0.7284
196,1257,0,0.1268,0.2234,0.2747,0.7272
197,1257,0,0.1212,0.2216,0.2698,0.7269
198,1257,0,0.1145,0.2206,0.2646,0.7260
199,1257,0,0.1100,0.2205,0.2567,0.7263
200,1257,0,0.1041,0.2205,0.2489,0.7287
201,1257,0,0.0995,0.2177,0.2414,0.7322
202,1257,0,0.0961,0.2172,0.2323,0.7335
203,1257,0,0.0920,0.2185,0.2240,0.7392
204,1257,0,0.0898,0.2190,0.2137,0.7413
205,1257,0,0.0902,0.2226,0.2082,0.7422
206,1257,0,0.0830,0.2236,0.2040,0.7426
207,1257,0,0.0728,0.2212,0.1999,0.7448
208,1257,0,0.0640,0.2222,0.1977,0.7453
209,1257,0,0.0568,0.2517,0.1965,0.7452
210,1257,0,0.0526,0.2338,0.1942,0.7445
211,1257,0,0.0494,0.2287,0.1915,0.7432
224,1257,0,0.0156,0.2214,0.1637,0.7387
225,1257,0,0.0158,0.2207,0.1585,0.7393
226,1257,0,0.0142,0.2207,0.1541,0.7421
227,1257,0,0.0120,0.2217,0.1488,0.7436
228,1257,0,0.0097,0.2223,0.1426,0.7440
229,1257,0,0.0082,0.2206,0.1369,0.7450
230,1257,0,0.0077,0.2272,0.1286,0.7471
231,1257,0,0.0084,0.2214,0.1230,0.7489
232,1257,0,0.0094,0.2203,0.1257,0.7482
233,1257,0,0.0112,0.2198,0.1219,0.7492
234,1257,0,0.0125,0.2188,0.1191,0.7515
235,1257,0,0.0141,0.2195,0.1198,0.7511
236,1257,0,0.0162,0.2176,0.1243,0.7494
237,1257,0,0.0175,0.2163,0.1347,0.7509
238,1257,0,0.0170,0.2157,0.1371,0.7524
239,1257,0,0.0177,0.2178,0.1378,0.7530
240,1257,0,0.0171,0.2187,0.1392,0.7523
241,1257,0,0.0150,0.2178,0.1393,0.7513
242,1257,0,0.0093,0.2170,0.1392,0.7499
243,1257,0,0.0051,0.2171,0.1383,0.7501
244,1257,0,0.0030,0.2152,0.1399,0.7507
245,1257,0,0.0011,0.2148,0.1392,0.7499
246,1257,0,0.0004,0.2140,0.1391,0.7495
247,1257,0,0.0001,0.2143,0.1403,0.7497
248,1257,0,0.0001,0.2142,0.1420,0.7508
249,1257,0,0.0009,0.2133,0.1433,0.7513
250,1257,0,0.0022,0.2136,0.1447,0.7514
251,1257,0,0.0034,0.2148,0.1459,0.7516
252,1257,0,0.0050,0.2156,0.1463,0.7510
253,1257,0,0.0080,0.2166,0.1475,0.7509
254,1257,0,0.0117,0.2161,0.1479,0.7512
255,1257,0,0.0152,0.2164,0.1492,0.7514
256,1257,0,0.0183,0.2169,0.1518,0.7488
257,1257,0,0.0214,0.2168,0.1529,0.7462
258,1257,0,0.0255,0.2181,0.1538,0.7454
259,1257,0,0.0295,0.2182,0.1566,0.7445
260,1257,0,0.0314,0.2182,0.1593,0.7446
261,1257,0,0.0346,0.2190,0.1653,0.7428
262,1257,0,0.0385,0.2186,0.1734,0.7431
263,1257,0,0.0420,0.2204,0.1819,0.7446
264,1257,0,0.0435,0.2230,0.1913,0.7488
265,1257,0,0.0452,0.2258,0.1955,0.7503
266,1257,0,0.0436,0.2267,0.2003,0.7505
267,1257,0,0.0425,0.2270,0.2040,0.7482
268,1257,0,0.0400,0.2280,0.2075,0.7472
269,1257,0,0.0384,0.2289,0.2095,0.7450
270,1257,0,0.0403,0.2275,0.2073,0.7438
271,1257,0,0.0408,0.2272,0.2088,0.7437
272,1257,0,0.0437,0.2267,0.2114,0.7451
273,1257,0,0.0481,0.2252,0.2142,0.7446
274,1257,0,0.0529,0.2223,0.2177,0.7439
275,1257,0,0.0602,0.2204,0.2223,0.7440
276,1257,0,0.0705,0.2200,0.2286,0.7402
277,1257,0,0.0809,0.2206,0.2334,0.7384
278,1257,0,0.0965,0.2205,0.2363,0.7393
279,1257,0,0.1153,0.2194,0.2396,0.7397
280,1257,0,0.1252,0.2186,0.2414,0.7389
281,1257,0,0.1329,0.2172,0.2464,0.7376
282,1257,0,0.1355,0.2188,0.2504,0.7371
283,1257,0,0.1378,0.2197,0.2548,0.7353
284,1257,0,0.1382,0.2202,0.2632,0.7351
285,1257,0,0.1396,0.2224,0.2720,0.7326
286,1257,0,0.1427,0.2238,0.2816,0.7321
287,1257,0,0.1462,0.2251,0.2860,0.7328
288,1257,0,0.1505,0.2274,0.2931,0.7325
289,1257,0,0.1554,0.2287,0.2950,0.7333
290,1257,0,0.1595,0.2282,0.2973,0.7343
291,1257,0,0.1606,0.2261,0.2987,0.7333
292,1257,0,0.1609,0.2219,0.3006,0.7345
293,1257,0,0.1664,0.2212,0.3020,0.7350
294,1257,0,0.1727,0.2194,0.3042,0.7353
295,1257,0,0.1803,0.2174,0.3080,0.7365
296,1257,0,0.1884,0.2170,0.3114,0.7365
297,1257,0,0.1962,0.2160,0.3139,0.7378
298,1257,0,0.2064,0.2155,0.3200,0.7376
299,1257,0,0.2181,0.2162,0.3250,0.7388
300,1257,0,0.2235,0.2162,0.3295,0.7389
301,1257,0,0.2271,0.2164,0.3341,0.7392
302,1257,0,0.2285,0.2162,0.3372,0.7379
303,1257,0,0.2296,0.2163,0.3410,0.7371
304,1257,0,0.2293,0.2177,0.3501,0.7361
305,1257,0,0.2293,0.2180,0.3660,0.7362
306,1257,0,0.2286,0.2202,0.3785,0.7346
307,1257,0,0.2290,0.2226,0.3859,0.7332
308,1257,0,0.2292,0.2236,0.3907,0.7322
309,1257,0,0.2301,0.2240,0.3906,0.7295
310,1257,0,0.2321,0.2253,0.3914,0.7299
311,1257,0,0.2356,0.2234,0.3916,0.7273
312,1257,0,0.2394,0.2228,0.3922,0.7267
313,1257,0,0.2416,0.2221,0.3947,0.7269
314,1257,0,0.2446,0.2226,0.3967,0.7284
315,1257,0,0.2513,0.2227,0.4003,0.7285
316,1257,0,0.2598,0.2218,0.4073,0.7258
317,1257,0,0.2701,0.2204,0.4121,0.7229
318,1257,0,0.2831,0.2187,0.4161,0.7212
319,1257,0,0.2963,0.2174,0.4202,0.7215
320,1257,0,0.3107,0.2164,0.4226,0.7247
321,1257,0,0.3215,0.2172,0.4282,0.7231
322,1257,0,0.3238,0.2188,0.4322,0.7254
323,1257,0,0.3261,0.2194,0.4362,0.7278
324,1257,0,0.3295,0.2205,0.4406,0.7279
325,1257,0,0.3378,0.2200,0.4484,0.7275
326,1257,0,0.3434,0.2218,0.4595,0.7273
327,1257,0,0.3476,0.2234,0.4695,0.7252
328,1257,0,0.3495,0.2241,0.4761,0.7250
329,1257,0,0.3507,0.2250,0.4806,0.7243
330,1257,0,0.3510,0.2255,0.4824,0.7229
331,1257,0,0.3514,0.2239,0.4876,0.7233
332,1257,0,0.3523,0.2235,0.4892,0.7243
333,1257,0,0.3541,0.2228,0.4885,0.7261
334,1257,0,0.3560,0.2219,0.4896,0.7268
335,1257,0,0.3558,0.2204,0.4942,0.7271
336,1257,0,0.3549,0.2183,0.4972,0.7273
337,1257,0,0.3560,0.2190,0.4994,0.7281
338,1257,0,0.3615,0.2185,0.5063,0.7286
339,1257,0,0.3690,0.2176,0.5122,0.7295
340,1257,0,0.3776,0.2163,0.5162,0.7302
341,1257,0,0.3932,0.2145,0.5203,0.7311
342,1257,0,0.4110,0.2144,0.5286,0.7308
343,1257,0,0.4216,0.2138,0.5333,0.7296
344,1257,0,0.4304,0.2135,0.5362,0.7293
345,1257,0,0.4361,0.2136,0.5430,0.7283
346,1257,0,0.4407,0.2163,0.5537,0.7304
347,1257,0,0.4442,0.2182,0.5635,0.7259
348,1257,0,0.4455,0.2225,0.5677,0.7264
349,1257,0,0.4453,0.2239,0.5756,0.7264
350,1257,0,0.4469,0.2249,0.5786,0.7229
351,1257,0,0.4465,0.2247,0.5792,0.7209
352,1257,0,0.4474,0.2225,0.5807,0.7177
353,1257,0,0.4497,0.2206,0.5831,0.7139
354,1257,0,0.4545,0.2190,0.5869,0.7144
355,1257,0,0.4590,0.2182,0.5895,0.7143
356,1257,0,0.4646,0.2165,0.5929,0.7165
357,1257,0,0.4696,0.2133,0.5962,0.7109
358,1257,0,0.4747,0.2105,0.5922,0.7085
359,1257,0,0.4806,0.2087,0.6037,0.7084
360,1257,0,0.4872,0.2088,0.6092,0.7092
361,1257,0,0.4941,0.2095,0.6138,0.7101
362,1257,0,0.4991,0.2093,0.6164,0.7100
363,1257,0,0.5036,0.2100,0.6220,0.7123
364,1257,0,0.5075,0.2103,0.6260,0.7131
365,1257,0,0.5097,0.2095,0.6313,0.7143
366,1257,0,0.5115,0.2097,0.6403,0.7128
367,1257,0,0.5120,0.2114,0.6493,0.7103
368,1257,0,0.5121,0.2132,0.6572,0.7077
369,1257,0,0.5116,0.2147,0.6638,0.7085
370,1257,0,0.5113,0.2162,0.6676,0.7096
371,1257,0,0.5111,0.2172,0.6713,0.7115
372,1257,0,0.5108,0.2185,0.6744,0.7123
373,1257,0,0.5116,0.2175,0.6782,0.7133
376,1257,0,0.5243,0.2129,0.6846,0.7204
377,1257,0,0.5296,0.2110,0.6889,0.7232
378,1257,0,0.5356,0.2103,0.6945,0.7225
379,1257,0,0.5405,0.2105,0.6938,0.7217
380,1257,0,0.5461,0.2095,0.6967,0.7220
381,1257,0,0.5529,0.2091,0.7014,0.7229
382,1257,0,0.5595,0.2093,0.7036,0.7240
383,1257,0,0.5701,0.2091,0.7059,0.7242
384,1257,0,0.5810,0.2084,0.7087,0.7224
385,1257,0,0.5922,0.2093,0.7125,0.7188
386,1257,0,0.6067,0.2088,0.7250,0.7179
387,1257,0,0.6199,0.2091,0.7325,0.7181
388,1257,0,0.6294,0.2118,0.7419,0.7175
389,1257,0,0.6339,0.2144,0.7516,0.7151
390,1257,0,0.6340,0.2171,0.7576,0.7159
391,1257,0,0.6334,0.2188,0.7606,0.7150
392,1257,0,0.6333,0.2196,0.7629,0.7126
393,1257,0,0.6343,0.2209,0.7657,0.7124
394,1257,0,0.6362,0.2217,0.7672,0.7127
395,1257,0,0.6396,0.2215,0.7703,0.7144
396,1257,0,0.6437,0.2203,0.7713,0.7151
397,1257,0,0.6487,0.2180,0.7805,0.7130
398,1257,0,0.6555,0.2172,0.7846,0.7103
399,1257,0,0.6639,0.2165,0.7895,0.7084
400,1257,0,0.6714,0.2134,0.7942,0.7078
401,1257,0,0.6750,0.2122,0.7921,0.7076
402,1257,0,0.6831,0.2115,0.7884,0.7090
403,1257,0,0.6913,0.2106,0.7886,0.7097
404,1257,0,0.6935,0.2104,0.7912,0.7126
405,1257,0,0.6951,0.2108,0.7965,0.7154
406,1257,0,0.6951,0.2126,0.8071,0.7157
407,1257,0,0.6941,0.2110,0.8215,0.7157
408,1257,0,0.6916,0.2100,0.8338,0.7145
409,1257,0,0.6888,0.2120,0.8467,0.7124
410,1257,0,0.6866,0.2126,0.8559,0.7133
411,1257,0,0.6833,0.2140,0.8609,0.7129
412,1257,0,0.6822,0.2158,0.8657,0.7136
420,1257,0,0.6973,0.2117,0.8718,0.7166
421,1257,0,0.7022,0.2091,0.8742,0.7161
422,1257,0,0.7069,0.2067,0.8777,0.7147
423,1257,0,0.7131,0.2054,0.8809,0.7132
