# resolution: 1920,1080
frame,track_id,class,x1_norm,y1_norm,x2_norm,y2_norm
0,7801,0,0.7662,0.2202,0.9315,0.9286
1,7801,0,0.7654,0.2207,0.9378,0.9281
2,7801,0,0.7649,0.2208,0.9404,0.9284
3,7801,0,0.7653,0.2220,0.9485,0.9279
4,7801,0,0.7657,0.2233,0.9536,0.9277
5,7801,0,0.7653,0.2231,0.9553,0.9271
6,7801,0,0.7644,0.2234,0.9547,0.9250
7,7801,0,0.7626,0.2224,0.9527,0.9237
8,7801,0,0.7596,0.2215,0.9510,0.9232
9,7801,0,0.7551,0.2208,0.9498,0.9220
10,7801,0,0.7496,0.2208,0.9449,0.9210
11,7801,0,0.7453,0.2202,0.9435,0.9208
12,7801,0,0.7421,0.2190,0.9433,0.9211
13,7801,0,0.7382,0.2194,0.9418,0.9213
14,7801,0,0.7352,0.2192,0.9380,0.9214
15,7801,0,0.7339,0.2177,0.9339,0.9217
16,7801,0,0.7338,0.2170,0.9301,0.9216
17,7801,0,0.7345,0.2172,0.9271,0.9215
18,7801,0,0.7344,0.2172,0.9247,0.9211
19,7801,0,0.7343,0.2164,0.9213,0.9208
20,7801,0,0.7348,0.2152,0.9186,0.9214
21,7801,0,0.7350,0.2133,0.9145,0.9215
22,7801,0,0.7358,0.2111,0.9109,0.9209
23,7801,0,0.7362,0.2089,0.9076,0.9205
24,7801,0,0.7363,0.2085,0.9021,0.9197
25,7801,0,0.7364,0.2080,0.8979,0.9195
26,7801,0,0.7361,0.2093,0.8931,0.9199
27,7801,0,0.7362,0.2108,0.8891,0.9214
28,7801,0,0.7353,0.2108,0.8850,0.9217
29,7801,0,0.7344,0.2104,0.8805,0.9217
30,7801,0,0.7353,0.2113,0.8768,0.9215
31,7801,0,0.7355,0.2110,0.8733,0.9212
32,7801,0,0.7352,0.2104,0.8710,0.9217
33,7801,0,0.7339,0.2093,0.8679,0.9234
34,7801,0,0.7311,0.2093,0.8645,0.9256
35,7801,0,0.7278,0.2090,0.8618,0.9274
36,7801,0,0.7258,0.2071,0.8596,0.9274
37,7801,0,0.7241,0.2052,0.8565,0.9279
38,7801,0,0.7229,0.2044,0.8535,0.9276
39,7801,0,0.7207,0.2030,0.8501,0.9285
40,7801,0,0.7188,0.2020,0.8472,0.9310
41,7801,0,0.7142,0.2012,0.8432,0.9336
42,7801,0,0.7103,0.2019,0.8404,0.9337
43,7801,0,0.7062,0.2028,0.8375,0.9340
44,7801,0,0.6967,0.2036,0.8344,0.9297
45,7801,0,0.6895,0.2036,0.8316,0.9273
46,7801,0,0.6774,0.2029,0.8289,0.9237
47,7801,0,0.6657,0.2022,0.8242,0.9204
48,7801,0,0.6574,0.2014,0.8205,0.9193
49,7801,0,0.6509,0.2006,0.8155,0.9184
50,7801,0,0.6470,0.2003,0.8127,0.9184
51,7801,0,0.6415,0.1996,0.8082,0.9188
52,7801,0,0.6390,0.1975,0.8033,0.9191
53,7801,0,0.6372,0.1942,0.7994,0.9196
54,7801,0,0.6350,0.1914,0.7954,0.9197
55,7801,0,0.6353,0.1896,0.7910,0.9194
56,7801,0,0.6342,0.1885,0.7873,0.9201
57,7801,0,0.6300,0.1875,0.7832,0.9205
58,7801,0,0.6300,0.1859,0.7798,0.9206
59,7801,0,0.6274,0.1845,0.7757,0.9208
60,7801,0,0.6236,0.1819,0.7705,0.9202
61,7801,0,0.6242,0.1793,0.7666,0.9209
62,7801,0,0.6199,0.1790,0.7619,0.9199
63,7801,0,0.6144,0.1775,0.7576,0.9211
64,7801,0,0.6151,0.1768,0.7548,0.9205
65,7801,0,0.6030,0.1750,0.7499,0.9194
66,7801,0,0.5932,0.1742,0.7453,0.9198
67,7801,0,0.5791,0.1755,0.7406,0.9187
68,7801,0,0.5632,0.1766,0.7361,0.9176
69,7801,0,0.5490,0.1768,0.7322,0.9187
70,7801,0,0.5310,0.1783,0.7245,0.9197
71,7801,0,0.5211,0.1803,0.7155,0.9183
72,7801,0,0.5177,0.1795,0.7097,0.9197
73,7801,0,0.5165,0.1793,0.7060,0.9207
74,7801,0,0.5151,0.1797,0.7049,0.9218
75,7801,0,0.5140,0.1792,0.7041,0.9216
76,7801,0,0.5132,0.1780,0.7036,0.9217
77,7801,0,0.5120,0.1746,0.7002,0.9214
78,7801,0,0.5097,0.1728,0.6949,0.9198
79,7801,0,0.5090,0.1720,0.6867,0.9168
80,7801,0,0.5056,0.1718,0.6764,0.9108
81,7801,0,0.5021,0.1680,0.6640,0.9064
82,7801,0,0.4977,0.1661,0.6540,0.9029
83,7801,0,0.4954,0.1631,0.6472,0.8982
84,7801,0,0.4869,0.1613,0.6419,0.8955
85,7801,0,0.4829,0.1600,0.6372,0.8971
86,7801,0,0.4786,0.1591,0.6325,0.8976
87,7801,0,0.4737,0.1573,0.6266,0.9015
88,7801,0,0.4654,0.1561,0.6210,0.9024
89,7801,0,0.4484,0.1576,0.6142,0.9029
90,7801,0,0.4316,0.1602,0.6093,0.9007
91,7801,0,0.4170,0.1621,0.6034,0.8967
92,7801,0,0.4075,0.1605,0.5972,0.8943
93,7801,0,0.4038,0.1590,0.5917,0.8945
94,7801,0,0.4010,0.1597,0.5870,0.8956
95,7801,0,0.3980,0.1567,0.5840,0.8975
96,7801,0,0.3971,0.1541,0.5820,0.8976
97,7801,0,0.3969,0.1488,0.5795,0.8974
98,7801,0,0.3971,0.1469,0.5750,0.8975
99,7801,0,0.3976,0.1464,0.5691,0.8969
100,7801,0,0.3973,0.1425,0.5610,0.8961
101,7801,0,0.3973,0.1399,0.5524,0.8961
102,7801,0,0.3952,0.1374,0.5444,0.8957
103,7801,0,0.3923,0.1362,0.5384,0.8969
104,7801,0,0.3889,0.1344,0.5332,0.8968
105,7801,0,0.3843,0.1331,0.5295,0.8957
106,7801,0,0.3813,0.1309,0.5244,0.8964
107,7801,0,0.3769,0.1289,0.5197,0.8964
108,7801,0,0.3717,0.1281,0.5148,0.8971
109,7801,0,0.3595,0.1285,0.5096,0.8969
110,7801,0,0.3445,0.1284,0.5047,0.8966
111,7801,0,0.3284,0.1278,0.4999,0.8964
112,7801,0,0.3131,0.1300,0.4941,0.8949
113,7801,0,0.3010,0.1298,0.4875,0.8950
114,7801,0,0.2927,0.1299,0.4816,0.8957
115,7801,0,0.2865,0.1307,0.4755,0.8964
116,7801,0,0.2827,0.1322,0.4714,0.8967
117,7801,0,0.2786,0.1334,0.4692,0.8967
118,7801,0,0.2762,0.1325,0.4682,0.8961
119,7801,0,0.2755,0.1300,0.4670,0.8954
120,7801,0,0.2757,0.1283,0.4618,0.8948
121,7801,0,0.2755,0.1270,0.4555,0.8942
122,7801,0,0.2762,0.1241,0.4474,0.8924
123,7801,0,0.2771,0.1198,0.4380,0.8866
124,7801,0,0.2704,0.1172,0.4260,0.8804
125,7801,0,0.2645,0.1167,0.4162,0.8722
126,7801,0,0.2588,0.1138,0.4084,0.8671
127,7801,0,0.2539,0.1112,0.4025,0.8679
128,7801,0,0.2498,0.1105,0.3974,0.8667
129,7801,0,0.2463,0.1094,0.3931,0.8689
130,7801,0,0.2379,0.1085,0.3887,0.8706
131,7801,0,0.2226,0.1076,0.3840,0.8736
132,7801,0,0.2038,0.1071,0.3795,0.8725
133,7801,0,0.1835,0.1054,0.3739,0.8726
134,7801,0,0.1684,0.1055,0.3698,0.8695
135,7801,0,0.1574,0.1050,0.3639,0.8683
136,7801,0,0.1511,0.1062,0.3583,0.8664
137,7801,0,0.1473,0.1062,0.3538,0.8666
138,7801,0,0.1435,0.1045,0.3501,0.8665
139,7801,0,0.1407,0.1006,0.3477,0.8666
140,7801,0,0.1392,0.0948,0.3458,0.8658
141,7801,0,0.1382,0.0907,0.3417,0.8651
142,7801,0,0.1372,0.0890,0.3357,0.8659
143,7801,0,0.1381,0.0880,0.3284,0.8666
144,7801,0,0.1388,0.0877,0.3201,0.8670
145,7801,0,0.1372,0.0883,0.3133,0.8702
146,7801,0,0.1350,0.0867,0.3085,0.8710
147,7801,0,0.1333,0.0826,0.3037,0.8721
148,7801,0,0.1299,0.0822,0.2981,0.8695
149,7801,0,0.1292,0.0796,0.2930,0.8723
150,7801,0,0.1256,0.0779,0.2880,0.8727
151,7801,0,0.1195,0.0745,0.2841,0.8724
152,7801,0,0.1099,0.0716,0.2790,0.8707
153,7801,0,0.0977,0.0703,0.2730,0.8703
154,7801,0,0.0826,0.0711,0.2673,0.8704
155,7801,0,0.0699,0.0717,0.2620,0.8701
156,7801,0,0.0604,0.0721,0.2571,0.8683
157,7801,0,0.0536,0.0726,0.2527,0.8666
158,7801,0,0.0487,0.0727,0.2487,0.8662
159,7801,0,0.0459,0.0743,0.2456,0.8657
160,7801,0,0.0464,0.0733,0.2419,0.8655
161,7801,0,0.0457,0.0740,0.2382,0.8660
162,7801,0,0.0458,0.0720,0.2347,0.8663
163,7801,0,0.0453,0.0695,0.2310,0.8656
164,7801,0,0.0455,0.0672,0.2275,0.8656
165,7801,0,0.0436,0.0654,0.2234,0.8652
166,7801,0,0.0450,0.0638,0.2204,0.8644
167,7801,0,0.0454,0.0634,0.2179,0.8639
168,7801,0,0.0455,0.0637,0.2163,0.8644
169,7801,0,0.0453,0.0642,0.2147,0.8657
170,7801,0,0.0454,0.0651,0.2135,0.8671
171,7801,0,0.0469,0.0660,0.2121,0.8669
172,7801,0,0.0475,0.0669,0.2113,0.8665
173,7801,0,0.0478,0.0674,0.2105,0.8671
174,7801,0,0.0472,0.0670,0.2104,0.8677
175,7801,0,0.0474,0.0664,0.2106,0.8683
176,7801,0,0.0476,0.0659,0.2110,0.8686
177,7801,0,0.0483,0.0658,0.2113,0.8687
178,7801,0,0.0486,0.0671,0.2118,0.8686
179,7801,0,0.0517,0.0688,0.2121,0.8687
180,7801,0,0.0538,0.0693,0.2132,0.8679
181,7801,0,0.0558,0.0700,0.2144,0.8664
182,7801,0,0.0563,0.0713,0.2160,0.8638
183,7801,0,0.0633,0.0721,0.2176,0.8543
184,7801,0,0.0579,0.0726,0.2192,0.8538
185,7801,0,0.0629,0.0747,0.2214,0.8472
186,7801,0,0.0570,0.0750,0.2252,0.8510
187,7801,0,0.0561,0.0761,0.2294,0.8521
188,7801,0,0.0551,0.0771,0.2356,0.8528
189,7801,0,0.0546,0.0779,0.2400,0.8530
190,7801,0,0.0502,0.0794,0.2453,0.8535
191,7801,0,0.0486,0.0798,0.2511,0.8534
192,7801,0,0.0474,0.0808,0.2544,0.8533
193,7801,0,0.0470,0.0828,0.2537,0.8530
194,7801,0,0.0470,0.0849,0.2593,0.8524
195,7801,0,0.0461,0.0873,0.2659,0.8525
196,7801,0,0.0454,0.0895,0.2731,0.8523
197,7801,0,0.0452,0.0908,0.2790,0.8516
198,7801,0,0.0449,0.0920,0.2832,0.8520
199,7801,0,0.0457,0.0922,0.2875,0.8520
200,7801,0,0.0497,0.0921,0.2909,0.8520
201,7801,0,0.0546,0.0925,0.2949,0.8521
202,7801,0,0.0578,0.0920,0.2980,0.8520
203,7801,0,0.0609,0.0921,0.3008,0.8524
204,7801,0,0.0648,0.0925,0.3007,0.8535
205,7801,0,0.0724,0.0930,0.3001,0.8572
206,7801,0,0.0834,0.0936,0.3019,0.8626
207,7801,0,0.0929,0.0941,0.3047,0.8701
208,7801,0,0.1087,0.0945,0.3062,0.8761
209,7801,0,0.1229,0.0967,0.3063,0.8752
210,7801,0,0.1289,0.0986,0.3065,0.8767
211,7801,0,0.1316,0.0989,0.3097,0.8772
212,7801,0,0.1326,0.0985,0.3048,0.8760
213,7801,0,0.1342,0.0987,0.3032,0.8727
214,7801,0,0.1339,0.0999,0.3099,0.8701
215,7801,0,0.1335,0.1011,0.3115,0.8696
216,7801,0,0.1338,0.1016,0.3165,0.8700
217,7801,0,0.1344,0.1021,0.3216,0.8713
218,7801,0,0.1339,0.1023,0.3335,0.8723
219,7801,0,0.1338,0.1046,0.3403,0.8756
220,7801,0,0.1337,0.1044,0.3462,0.8783
221,7801,0,0.1344,0.1031,0.3499,0.8792
222,7801,0,0.1366,0.1034,0.3559,0.8789
223,7801,0,0.1438,0.1036,0.3532,0.8792
224,7801,0,0.1499,0.1038,0.3495,0.8803
225,7801,0,0.1618,0.1019,0.3487,0.8813
226,7801,0,0.1726,0.1014,0.3513,0.8814
227,7801,0,0.1830,0.1026,0.3547,0.8806
228,7801,0,0.1954,0.1027,0.3673,0.8799
229,7801,0,0.2092,0.1043,0.3807,0.8786
230,7801,0,0.2309,0.1043,0.3888,0.8788
231,7801,0,0.2422,0.1035,0.3905,0.8793
232,7801,0,0.2472,0.1056,0.3995,0.8803
233,7801,0,0.2501,0.1082,0.4050,0.8796
234,7801,0,0.2504,0.1107,0.4254,0.8777
235,7801,0,0.2505,0.1102,0.4099,0.8765
236,7801,0,0.2500,0.1165,0.4369,0.8750
237,7801,0,0.2504,0.1198,0.4497,0.8751
238,7801,0,0.2513,0.1226,0.4597,0.8768
239,7801,0,0.2518,0.1267,0.4646,0.8788
240,7801,0,0.2519,0.1303,0.4656,0.8799
241,7801,0,0.2520,0.1327,0.4624,0.8805
242,7801,0,0.2528,0.1345,0.4568,0.8805
243,7801,0,0.2559,0.1335,0.4539,0.8802
244,7801,0,0.2592,0.1342,0.4573,0.8796
245,7801,0,0.2651,0.1351,0.4707,0.8788
246,7801,0,0.2754,0.1356,0.4667,0.8792
247,7801,0,0.2849,0.1356,0.4673,0.8789
248,7801,0,0.2976,0.1353,0.4772,0.8779
249,7801,0,0.3093,0.1386,0.5016,0.8776
250,7801,0,0.3240,0.1409,0.5109,0.8779
251,7801,0,0.3377,0.1399,0.5132,0.8787
252,7801,0,0.3551,0.1393,0.5200,0.8804
253,7801,0,0.3702,0.1412,0.5247,0.8823
254,7801,0,0.3761,0.1414,0.5332,0.8889
255,7801,0,0.3789,0.1425,0.5396,0.8928
256,7801,0,0.3796,0.1446,0.5430,0.8945
257,7801,0,0.3795,0.1470,0.5469,0.8947
258,7801,0,0.3797,0.1487,0.5526,0.8916
259,7801,0,0.3797,0.1488,0.5579,0.8910
260,7801,0,0.3797,0.1501,0.5637,0.8925
261,7801,0,0.3798,0.1531,0.5682,0.8921
262,7801,0,0.3799,0.1551,0.5764,0.8948
263,7801,0,0.3797,0.1572,0.5821,0.8983
264,7801,0,0.3811,0.1573,0.5888,0.9012
265,7801,0,0.3833,0.1585,0.5969,0.9026
266,7801,0,0.3897,0.1570,0.6043,0.9023
267,7801,0,0.3970,0.1559,0.6126,0.9015
268,7801,0,0.4065,0.1593,0.6224,0.8992
269,7801,0,0.4175,0.1591,0.6346,0.8998
270,7801,0,0.4276,0.1588,0.6416,0.9004
271,7801,0,0.4394,0.1580,0.6453,0.9030
272,7801,0,0.4534,0.1571,0.6483,0.9046
273,7801,0,0.4725,0.1576,0.6506,0.9041
274,7801,0,0.4890,0.1587,0.6544,0.9035
275,7801,0,0.4996,0.1594,0.6546,0.9037
276,7801,0,0.5031,0.1617,0.6622,0.9034
277,7801,0,0.5037,0.1639,0.6709,0.9037
278,7801,0,0.5028,0.1660,0.6776,0.9022
279,7801,0,0.5017,0.1680,0.6822,0.9024
280,7801,0,0.5014,0.1734,0.6848,0.9037
281,7801,0,0.5013,0.1783,0.6865,0.9043
282,7801,0,0.5009,0.1819,0.6883,0.9053
283,7801,0,0.5005,0.1830,0.6921,0.9056
284,7801,0,0.5031,0.1837,0.7084,0.9048
285,7801,0,0.5059,0.1858,0.7160,0.9031
286,7801,0,0.5087,0.1865,0.7167,0.9021
287,7801,0,0.5129,0.1861,0.7200,0.9027
288,7801,0,0.5207,0.1868,0.7244,0.9040
289,7801,0,0.5322,0.1874,0.7276,0.9043
290,7801,0,0.5442,0.1885,0.7312,0.9001
291,7801,0,0.5561,0.1892,0.7286,0.8938
292,7801,0,0.5691,0.1918,0.7278,0.8914
293,7801,0,0.5828,0.1924,0.7364,0.8896
294,7801,0,0.5967,0.1923,0.7415,0.8934
295,7801,0,0.6037,0.1940,0.7514,0.9021
296,7801,0,0.6069,0.1939,0.7626,0.9097
297,7801,0,0.6081,0.1941,0.7667,0.9121
298,7801,0,0.6083,0.1959,0.7761,0.9154
299,7801,0,0.6075,0.1957,0.7835,0.9143
300,7801,0,0.6073,0.1965,0.7905,0.9144
301,7801,0,0.6074,0.1988,0.7953,0.9158
302,7801,0,0.6074,0.2011,0.8025,0.9163
303,7801,0,0.6078,0.2025,0.8111,0.9177
304,7801,0,0.6070,0.2037,0.8148,0.9182
305,7801,0,0.6084,0.2036,0.8200,0.9177
306,7801,0,0.6105,0.2018,0.8134,0.9174
307,7801,0,0.6147,0.2014,0.8081,0.9172
308,7801,0,0.6212,0.2016,0.8290,0.9172
309,7801,0,0.6298,0.2011,0.8414,0.9179
310,7801,0,0.6376,0.2011,0.8471,0.9181
311,7801,0,0.6457,0.2007,0.8532,0.9182
312,7801,0,0.6564,0.1995,0.8586,0.9184
313,7801,0,0.6674,0.1984,0.8610,0.9178
314,7801,0,0.6811,0.1981,0.8657,0.9186
315,7801,0,0.6945,0.1980,0.8692,0.9181
316,7801,0,0.7040,0.1963,0.8712,0.9182
317,7801,0,0.7091,0.1970,0.8731,0.9183
318,7801,0,0.7121,0.1975,0.8759,0.9176
319,7801,0,0.7134,0.1975,0.8794,0.9176
320,7801,0,0.7134,0.1976,0.8844,0.9162
321,7801,0,0.7131,0.1985,0.8882,0.9165
322,7801,0,0.7127,0.2002,0.8921,0.9174
323,7801,0,0.7131,0.2000,0.8939,0.9189
324,7801,0,0.7128,0.2007,0.8942,0.9189
325,7801,0,0.7125,0.2016,0.8763,0.9190
326,7801,0,0.7120,0.2023,0.8755,0.9186
327,7801,0,0.7128,0.2057,0.8770,0.9195
328,7801,0,0.7135,0.2047,0.8745,0.9200
329,7801,0,0.7133,0.2064,0.8753,0.9216
330,7801,0,0.7132,0.2088,0.8758,0.9225
331,7801,0,0.7136,0.2098,0.8766,0.9232
332,7801,0,0.7143,0.2100,0.8780,0.9235
333,7801,0,0.7147,0.2111,0.8816,0.9232
334,7801,0,0.7154,0.2132,0.8852,0.9225
335,7801,0,0.7167,0.2134,0.8892,0.9221
336,7801,0,0.7191,0.2141,0.8930,0.9221
337,7801,0,0.7222,0.2133,0.8954,0.9233
338,7801,0,0.7246,0.2138,0.8959,0.9240
339,7801,0,0.7273,0.2135,0.8969,0.9243
340,7801,0,0.7297,0.2136,0.9038,0.9250
341,7801,0,0.7320,0.2149,0.9050,0.9249
342,7801,0,0.7362,0.2153,0.9185,0.9249
343,7801,0,0.7438,0.2158,0.9196,0.9245
344,7801,0,0.7516,0.2164,0.9287,0.9240
345,7801,0,0.7579,0.2163,0.9422,0.9226
346,7801,0,0.7608,0.2173,0.9482,0.9212
347,7801,0,0.7626,0.2165,0.9512,0.9211
348,7801,0,0.7640,0.2158,0.9525,0.9208
349,7801,0,0.7640,0.2168,0.9513,0.9199
350,7801,0,0.7639,0.2172,0.9513,0.9195
351,7801,0,0.7634,0.2171,0.9501,0.9195
352,7801,0,0.7626,0.2162,0.9490,0.9194
353,7801,0,0.7612,0.2147,0.9437,0.9192
