# resolution: 1920,1080
frame,track_id,class,x1_norm,y1_norm,x2_norm,y2_norm
0,7801,0,0.7593,0.2127,0.9428,0.9202
1,7801,0,0.7562,0.2132,0.9394,0.9202
2,7801,0,0.7488,0.2123,0.9383,0.9194
3,7801,0,0.7430,0.2132,0.9324,0.9184
4,7801,0,0.7356,0.2131,0.9261,0.9186
5,7801,0,0.7300,0.2150,0.9222,0.9195
6,7801,0,0.7257,0.2148,0.9165,0.9202
7,7801,0,0.7231,0.2151,0.9124,0.9190
8,7801,0,0.7220,0.2149,0.9080,0.9181
9,7801,0,0.7213,0.2126,0.9021,0.9185
10,7801,0,0.7204,0.2099,0.8980,0.9190
11,7801,0,0.7201,0.2088,0.8937,0.9191
12,7801,0,0.7200,0.2083,0.8868,0.9194
13,7801,0,0.7205,0.2087,0.8822,0.9207
14,7801,0,0.7209,0.2091,0.8778,0.9209
15,7801,0,0.7211,0.2081,0.8735,0.9213
16,7801,0,0.7211,0.2074,0.8698,0.9217
17,7801,0,0.7210,0.2060,0.8655,0.9225
18,7801,0,0.7213,0.2065,0.8602,0.9233
19,7801,0,0.7207,0.2050,0.8541,0.9215
20,7801,0,0.7180,0.2019,0.8496,0.9194
21,7801,0,0.7158,0.2011,0.8460,0.9205
22,7801,0,0.7127,0.2010,0.8421,0.9227
23,7801,0,0.7084,0.2027,0.8382,0.9227
24,7801,0,0.7032,0.2012,0.8341,0.9272
25,7801,0,0.7015,0.2012,0.8311,0.9269
26,7801,0,0.6967,0.2016,0.8254,0.9253
27,7801,0,0.6916,0.2013,0.8203,0.9240
28,7801,0,0.6792,0.2004,0.8155,0.9232
29,7801,0,0.6612,0.1989,0.8108,0.9214
30,7801,0,0.6451,0.1962,0.8069,0.9172
31,7801,0,0.6329,0.1972,0.8023,0.9148
32,7801,0,0.6251,0.1970,0.7982,0.9147
33,7801,0,0.6201,0.1980,0.7932,0.9142
34,7801,0,0.6169,0.1976,0.7888,0.9147
35,7801,0,0.6128,0.1940,0.7848,0.9169
36,7801,0,0.6110,0.1910,0.7811,0.9180
37,7801,0,0.6101,0.1900,0.7783,0.9188
38,7801,0,0.6098,0.1886,0.7736,0.9190
39,7801,0,0.6098,0.1867,0.7687,0.9188
40,7801,0,0.6097,0.1843,0.7611,0.9185
41,7801,0,0.6082,0.1822,0.7546,0.9181
42,7801,0,0.6063,0.1799,0.7475,0.9179
43,7801,0,0.6035,0.1757,0.7432,0.9191
44,7801,0,0.6005,0.1730,0.7391,0.9199
45,7801,0,0.5949,0.1732,0.7352,0.9206
46,7801,0,0.5887,0.1727,0.7303,0.9188
47,7801,0,0.5801,0.1716,0.7250,0.9182
48,7801,0,0.5655,0.1712,0.7206,0.9175
49,7801,0,0.5471,0.1720,0.7146,0.9172
50,7801,0,0.5304,0.1743,0.7083,0.9183
51,7801,0,0.5149,0.1751,0.7018,0.9184
52,7801,0,0.5051,0.1753,0.6964,0.9186
53,7801,0,0.4993,0.1758,0.6900,0.9184
54,7801,0,0.4964,0.1763,0.6842,0.9192
55,7801,0,0.4943,0.1768,0.6803,0.9197
56,7801,0,0.4908,0.1752,0.6785,0.9186
57,7801,0,0.4912,0.1762,0.6766,0.9185
58,7801,0,0.4921,0.1740,0.6726,0.9158
59,7801,0,0.4931,0.1712,0.6694,0.9153
60,7801,0,0.4924,0.1679,0.6611,0.9136
61,7801,0,0.4888,0.1647,0.6521,0.9081
62,7801,0,0.4857,0.1626,0.6403,0.9002
63,7801,0,0.4844,0.1612,0.6329,0.8929
64,7801,0,0.4791,0.1591,0.6269,0.8892
65,7801,0,0.4722,0.1586,0.6210,0.8880
66,7801,0,0.4700,0.1581,0.6155,0.8887
67,7801,0,0.4716,0.1582,0.6100,0.8906
68,7801,0,0.4635,0.1566,0.6049,0.8925
69,7801,0,0.4477,0.1557,0.5994,0.8930
70,7801,0,0.4299,0.1547,0.5945,0.8916
71,7801,0,0.4117,0.1535,0.5889,0.8879
72,7801,0,0.3959,0.1540,0.5836,0.8881
73,7801,0,0.3799,0.1530,0.5740,0.8862
74,7801,0,0.3737,0.1546,0.5675,0.8847
75,7801,0,0.3703,0.1543,0.5639,0.8852
76,7801,0,0.3672,0.1521,0.5621,0.8856
77,7801,0,0.3649,0.1495,0.5595,0.8859
78,7801,0,0.3637,0.1463,0.5563,0.8857
79,7801,0,0.3636,0.1428,0.5505,0.8850
80,7801,0,0.3637,0.1403,0.5427,0.8848
81,7801,0,0.3638,0.1400,0.5333,0.8856
82,7801,0,0.3634,0.1377,0.5241,0.8869
83,7801,0,0.3617,0.1357,0.5139,0.8874
84,7801,0,0.3597,0.1327,0.5053,0.8890
85,7801,0,0.3579,0.1302,0.4992,0.8906
86,7801,0,0.3544,0.1270,0.4948,0.8902
87,7801,0,0.3538,0.1264,0.4900,0.8899
88,7801,0,0.3465,0.1255,0.4852,0.8893
89,7801,0,0.3372,0.1248,0.4804,0.8876
90,7801,0,0.3212,0.1231,0.4752,0.8886
91,7801,0,0.3029,0.1225,0.4699,0.8888
92,7801,0,0.2850,0.1232,0.4647,0.8889
93,7801,0,0.2721,0.1248,0.4584,0.8889
94,7801,0,0.2620,0.1247,0.4518,0.8893
95,7801,0,0.2567,0.1249,0.4448,0.8894
96,7801,0,0.2536,0.1258,0.4402,0.8893
97,7801,0,0.2507,0.1261,0.4371,0.8879
98,7801,0,0.2491,0.1238,0.4350,0.8861
99,7801,0,0.2483,0.1189,0.4322,0.8844
100,7801,0,0.2489,0.1161,0.4292,0.8839
101,7801,0,0.2501,0.1149,0.4230,0.8844
102,7801,0,0.2497,0.1128,0.4164,0.8833
103,7801,0,0.2479,0.1153,0.4079,0.8798
104,7801,0,0.2440,0.1148,0.3989,0.8743
105,7801,0,0.2350,0.1129,0.3913,0.8698
106,7801,0,0.2289,0.1100,0.3847,0.8655
107,7801,0,0.2289,0.1072,0.3800,0.8681
108,7801,0,0.2240,0.1056,0.3742,0.8676
109,7801,0,0.2177,0.1026,0.3690,0.8702
110,7801,0,0.2116,0.1012,0.3637,0.8696
111,7801,0,0.1995,0.1004,0.3585,0.8745
112,7801,0,0.1795,0.1007,0.3542,0.8730
113,7801,0,0.1610,0.1020,0.3493,0.8704
114,7801,0,0.1449,0.1015,0.3443,0.8671
115,7801,0,0.1314,0.0988,0.3395,0.8661
116,7801,0,0.1238,0.0962,0.3350,0.8663
117,7801,0,0.1199,0.0949,0.3307,0.8670
118,7801,0,0.1175,0.0943,0.3266,0.8682
119,7801,0,0.1165,0.0941,0.3241,0.8702
120,7801,0,0.1144,0.0940,0.3229,0.8708
121,7801,0,0.1129,0.0916,0.3208,0.8704
122,7801,0,0.1126,0.0873,0.3177,0.8702
123,7801,0,0.1114,0.0866,0.3121,0.8725
124,7801,0,0.1116,0.0856,0.3051,0.8733
125,7801,0,0.1101,0.0842,0.2965,0.8733
126,7801,0,0.1103,0.0824,0.2895,0.8737
127,7801,0,0.1104,0.0801,0.2856,0.8740
128,7801,0,0.1076,0.0781,0.2828,0.8743
129,7801,0,0.1027,0.0744,0.2786,0.8738
130,7801,0,0.0988,0.0726,0.2756,0.8750
131,7801,0,0.0970,0.0673,0.2715,0.8759
132,7801,0,0.0960,0.0640,0.2675,0.8742
133,7801,0,0.0922,0.0635,0.2617,0.8728
134,7801,0,0.0860,0.0642,0.2571,0.8725
135,7801,0,0.0776,0.0623,0.2525,0.8711
136,7801,0,0.0648,0.0639,0.2470,0.8716
137,7801,0,0.0528,0.0626,0.2438,0.8704
138,7801,0,0.0399,0.0616,0.2403,0.8684
139,7801,0,0.0305,0.0618,0.2332,0.8683
140,7801,0,0.0222,0.0624,0.2252,0.8693
141,7801,0,0.0180,0.0630,0.2193,0.8686
142,7801,0,0.0138,0.0629,0.2140,0.8685
143,7801,0,0.0122,0.0636,0.2087,0.8684
144,7801,0,0.0112,0.0636,0.2030,0.8691
145,7801,0,0.0115,0.0631,0.1990,0.8686
146,7801,0,0.0108,0.0638,0.1966,0.8684
147,7801,0,0.0100,0.0619,0.1947,0.8677
148,7801,0,0.0090,0.0596,0.1931,0.8667
149,7801,0,0.0057,0.0580,0.1922,0.8662
150,7801,0,0.0029,0.0576,0.1902,0.8653
151,7801,0,0.0000,0.0569,0.1879,0.8659
152,7801,0,0.0000,0.0562,0.1837,0.8653
153,7801,0,0.0000,0.0565,0.1818,0.8659
154,7801,0,0.0010,0.0565,0.1788,0.8648
155,7801,0,0.0024,0.0585,0.1760,0.8644
156,7801,0,0.0024,0.0589,0.1738,0.8644
157,7801,0,0.0024,0.0587,0.1727,0.8651
158,7801,0,0.0068,0.0565,0.1719,0.8656
159,7801,0,0.0087,0.0569,0.1717,0.8641
160,7801,0,0.0086,0.0554,0.1716,0.8653
161,7801,0,0.0086,0.0551,0.1718,0.8657
162,7801,0,0.0094,0.0549,0.1722,0.8666
163,7801,0,0.0100,0.0560,0.1723,0.8648
164,7801,0,0.0104,0.0554,0.1730,0.8644
165,7801,0,0.0113,0.0555,0.1749,0.8620
166,7801,0,0.0120,0.0560,0.1766,0.8598
167,7801,0,0.0133,0.0567,0.1793,0.8548
168,7801,0,0.0159,0.0579,0.1812,0.8528
169,7801,0,0.0166,0.0581,0.1830,0.8523
170,7801,0,0.0176,0.0581,0.1848,0.8518
171,7801,0,0.0182,0.0583,0.1875,0.8516
172,7801,0,0.0163,0.0590,0.1904,0.8516
173,7801,0,0.0173,0.0610,0.1931,0.8504
174,7801,0,0.0174,0.0620,0.1984,0.8496
175,7801,0,0.0162,0.0636,0.2047,0.8493
176,7801,0,0.0152,0.0645,0.2078,0.8494
177,7801,0,0.0144,0.0673,0.2095,0.8486
178,7801,0,0.0132,0.0701,0.2108,0.8488
179,7801,0,0.0122,0.0725,0.2137,0.8493
180,7801,0,0.0120,0.0737,0.2166,0.8498
181,7801,0,0.0127,0.0755,0.2233,0.8493
182,7801,0,0.0157,0.0756,0.2284,0.8507
183,7801,0,0.0205,0.0763,0.2335,0.8520
184,7801,0,0.0251,0.0772,0.2321,0.8538
185,7801,0,0.0299,0.0774,0.2386,0.8552
186,7801,0,0.0356,0.0773,0.2385,0.8569
187,7801,0,0.0411,0.0770,0.2435,0.8591
188,7801,0,0.0473,0.0772,0.2480,0.8623
189,7801,0,0.0551,0.0786,0.2403,0.8645
190,7801,0,0.0606,0.0792,0.2580,0.8668
191,7801,0,0.0640,0.0795,0.2650,0.8697
192,7801,0,0.0668,0.0794,0.2690,0.8722
193,7801,0,0.0684,0.0798,0.2708,0.8750
194,7801,0,0.0707,0.0812,0.2496,0.8730
195,7801,0,0.0728,0.0811,0.2417,0.8769
196,7801,0,0.0744,0.0817,0.2581,0.8782
197,7801,0,0.0761,0.0817,0.2549,0.8788
198,7801,0,0.0785,0.0818,0.2608,0.8789
199,7801,0,0.0824,0.0831,0.2761,0.8800
200,7801,0,0.0872,0.0840,0.2813,0.8781
201,7801,0,0.0904,0.0853,0.2813,0.8805
202,7801,0,0.0937,0.0860,0.2799,0.8818
203,7801,0,0.0968,0.0868,0.2814,0.8831
204,7801,0,0.0997,0.0871,0.2790,0.8857
205,7801,0,0.1014,0.0882,0.2785,0.8887
206,7801,0,0.1022,0.0891,0.2760,0.8894
207,7801,0,0.1030,0.0890,0.2763,0.8898
208,7801,0,0.1037,0.0857,0.2781,0.8878
209,7801,0,0.1041,0.0839,0.2901,0.8880
210,7801,0,0.1051,0.0811,0.2924,0.8876
211,7801,0,0.1075,0.0794,0.2900,0.8867
212,7801,0,0.1110,0.0807,0.2988,0.8862
213,7801,0,0.1174,0.0832,0.3014,0.8861
214,7801,0,0.1245,0.0844,0.3055,0.8878
215,7801,0,0.1324,0.0859,0.3096,0.8886
216,7801,0,0.1451,0.0875,0.3034,0.8873
217,7801,0,0.1517,0.0867,0.3093,0.8879
218,7801,0,0.1547,0.0883,0.3017,0.8878
219,7801,0,0.1557,0.0885,0.3018,0.8884
220,7801,0,0.1573,0.0901,0.3088,0.8868
221,7801,0,0.1594,0.0902,0.3240,0.8869
222,7801,0,0.1598,0.0908,0.3321,0.8859
223,7801,0,0.1595,0.0920,0.3343,0.8854
224,7801,0,0.1597,0.0945,0.3371,0.8836
225,7801,0,0.1603,0.0959,0.3378,0.8837
226,7801,0,0.1608,0.0961,0.3405,0.8831
227,7801,0,0.1615,0.0982,0.3471,0.8839
228,7801,0,0.1617,0.1017,0.3505,0.8853
229,7801,0,0.1614,0.1041,0.3603,0.8869
230,7801,0,0.1619,0.1059,0.3587,0.8866
231,7801,0,0.1634,0.1071,0.3597,0.8868
232,7801,0,0.1663,0.1090,0.3558,0.8867
233,7801,0,0.1699,0.1093,0.3545,0.8868
234,7801,0,0.1761,0.1077,0.3808,0.8871
235,7801,0,0.1817,0.1078,0.3917,0.8854
236,7801,0,0.1889,0.1092,0.3867,0.8821
237,7801,0,0.1981,0.1114,0.3827,0.8742
238,7801,0,0.2090,0.1158,0.3816,0.8686
239,7801,0,0.2324,0.1168,0.3851,0.8659
240,7801,0,0.2510,0.1166,0.3917,0.8683
241,7801,0,0.2619,0.1173,0.3943,0.8746
242,7801,0,0.2652,0.1199,0.3986,0.8774
243,7801,0,0.2655,0.1209,0.4010,0.8781
244,7801,0,0.2644,0.1226,0.4071,0.8756
245,7801,0,0.2634,0.1255,0.4203,0.8750
246,7801,0,0.2636,0.1297,0.4322,0.8740
247,7801,0,0.2636,0.1312,0.4404,0.8745
248,7801,0,0.2637,0.1306,0.4442,0.8743
249,7801,0,0.2635,0.1326,0.4508,0.8753
250,7801,0,0.2635,0.1334,0.4541,0.8771
251,7801,0,0.2635,0.1346,0.4592,0.8786
252,7801,0,0.2638,0.1347,0.4568,0.8808
253,7801,0,0.2651,0.1331,0.4577,0.8802
254,7801,0,0.2683,0.1319,0.4693,0.8798
255,7801,0,0.2733,0.1294,0.4755,0.8802
256,7801,0,0.2824,0.1309,0.4738,0.8800
257,7801,0,0.2883,0.1304,0.4847,0.8798
258,7801,0,0.2984,0.1280,0.4934,0.8804
259,7801,0,0.3083,0.1278,0.4996,0.8814
260,7801,0,0.3214,0.1269,0.5013,0.8841
261,7801,0,0.3370,0.1254,0.4939,0.8818
262,7801,0,0.3562,0.1248,0.5024,0.8834
263,7801,0,0.3682,0.1258,0.5117,0.8819
264,7801,0,0.3745,0.1267,0.5136,0.8813
265,7801,0,0.3761,0.1269,0.5283,0.8811
266,7801,0,0.3767,0.1291,0.5327,0.8812
267,7801,0,0.3764,0.1319,0.5388,0.8802
268,7801,0,0.3758,0.1356,0.5380,0.8796
269,7801,0,0.3756,0.1393,0.5403,0.8787
270,7801,0,0.3756,0.1412,0.5427,0.8790
271,7801,0,0.3755,0.1413,0.5467,0.8786
272,7801,0,0.3755,0.1455,0.5517,0.8794
273,7801,0,0.3757,0.1469,0.5554,0.8812
274,7801,0,0.3760,0.1476,0.5545,0.8807
275,7801,0,0.3768,0.1487,0.5618,0.8805
276,7801,0,0.3784,0.1495,0.5645,0.8807
277,7801,0,0.3809,0.1499,0.5715,0.8797
278,7801,0,0.3839,0.1476,0.5703,0.8797
279,7801,0,0.3885,0.1492,0.5698,0.8810
280,7801,0,0.3935,0.1509,0.5716,0.8819
281,7801,0,0.4014,0.1520,0.5855,0.8823
282,7801,0,0.4101,0.1538,0.5929,0.8820
283,7801,0,0.4195,0.1554,0.5974,0.8801
284,7801,0,0.4296,0.1562,0.5982,0.8745
285,7801,0,0.4444,0.1578,0.6014,0.8717
286,7801,0,0.4574,0.1580,0.6091,0.8732
287,7801,0,0.4718,0.1575,0.6197,0.8733
288,7801,0,0.4772,0.1579,0.6238,0.8769
289,7801,0,0.4796,0.1592,0.6222,0.8798
290,7801,0,0.4800,0.1627,0.6225,0.8845
291,7801,0,0.4799,0.1641,0.6247,0.8863
292,7801,0,0.4798,0.1645,0.6295,0.8887
293,7801,0,0.4796,0.1675,0.6412,0.8872
294,7801,0,0.4796,0.1717,0.6489,0.8860
295,7801,0,0.4800,0.1759,0.6556,0.8875
296,7801,0,0.4794,0.1767,0.6561,0.8876
297,7801,0,0.4803,0.1753,0.6632,0.8893
298,7801,0,0.4795,0.1769,0.6673,0.8894
299,7801,0,0.4807,0.1778,0.6719,0.8902
300,7801,0,0.4842,0.1792,0.6764,0.8907
301,7801,0,0.4895,0.1771,0.6823,0.8902
302,7801,0,0.4942,0.1744,0.6927,0.8902
303,7801,0,0.5022,0.1747,0.6991,0.8910
304,7801,0,0.5095,0.1770,0.7093,0.8917
305,7801,0,0.5192,0.1795,0.7162,0.8929
306,7801,0,0.5301,0.1791,0.7183,0.8923
307,7801,0,0.5451,0.1799,0.7223,0.8913
308,7801,0,0.5627,0.1810,0.7237,0.8902
309,7801,0,0.5756,0.1816,0.7240,0.8907
310,7801,0,0.5800,0.1828,0.7300,0.8910
311,7801,0,0.5817,0.1829,0.7335,0.8914
312,7801,0,0.5818,0.1848,0.7313,0.8899
313,7801,0,0.5819,0.1869,0.7442,0.8893
314,7801,0,0.5822,0.1912,0.7502,0.8898
315,7801,0,0.5822,0.1931,0.7526,0.8916
316,7801,0,0.5828,0.1941,0.7498,0.8933
317,7801,0,0.5818,0.1952,0.7502,0.8925
318,7801,0,0.5837,0.1969,0.7534,0.8940
319,7801,0,0.5846,0.1996,0.7521,0.8915
320,7801,0,0.5864,0.1993,0.7640,0.8912
321,7801,0,0.5891,0.2002,0.7727,0.8919
322,7801,0,0.5923,0.2020,0.7707,0.8925
323,7801,0,0.5992,0.2009,0.7691,0.8931
324,7801,0,0.6069,0.2030,0.7691,0.8932
325,7801,0,0.6157,0.2043,0.7823,0.8929
326,7801,0,0.6248,0.2023,0.7889,0.8875
327,7801,0,0.6359,0.2032,0.7988,0.8825
328,7801,0,0.6497,0.2044,0.8050,0.8823
329,7801,0,0.6612,0.2043,0.8020,0.8860
330,7801,0,0.6730,0.2036,0.8066,0.8916
331,7801,0,0.6773,0.2037,0.8114,0.8990
332,7801,0,0.6795,0.2047,0.8176,0.9035
333,7801,0,0.6795,0.2061,0.8213,0.9052
334,7801,0,0.6787,0.2058,0.8316,0.9066
335,7801,0,0.6788,0.2063,0.8312,0.9052
336,7801,0,0.6784,0.2067,0.8374,0.9035
337,7801,0,0.6785,0.2119,0.8454,0.9010
338,7801,0,0.6782,0.2147,0.8501,0.9008
339,7801,0,0.6785,0.2157,0.8553,0.9027
340,7801,0,0.6786,0.2180,0.8628,0.9037
341,7801,0,0.6786,0.2199,0.8720,0.9073
342,7801,0,0.6781,0.2209,0.8767,0.9089
343,7801,0,0.6780,0.2210,0.8772,0.9102
344,7801,0,0.6799,0.2222,0.8826,0.9111
345,7801,0,0.6834,0.2223,0.8883,0.9115
346,7801,0,0.6880,0.2227,0.8876,0.9111
347,7801,0,0.6940,0.2216,0.8969,0.9107
348,7801,0,0.7014,0.2206,0.8979,0.9103
349,7801,0,0.7054,0.2205,0.8966,0.9107
350,7801,0,0.7145,0.2197,0.8991,0.9103
