# resolution: 1920,1080
frame,track_id,class,x1_norm,y1_norm,x2_norm,y2_norm
1,1257,0,0.7384,0.2205,0.9066,0.7118
3,1257,0,0.7307,0.2232,0.9119,0.7101
4,1257,0,0.7308,0.2250,0.9103,0.7098
5,1257,0,0.7332,0.2257,0.9078,0.7099
9,1257,0,0.7528,0.2263,0.9054,0.7132
10,1257,0,0.7587,0.2250,0.9077,0.7126
11,1257,0,0.7652,0.2229,0.9101,0.7110
12,1257,0,0.7697,0.2195,0.9122,0.7099
13,1257,0,0.7736,0.2177,0.9146,0.7083
14,1257,0,0.7776,0.2173,0.9182,0.7073
15,1257,0,0.7815,0.2161,0.9211,0.7075
16,1257,0,0.7853,0.2164,0.9257,0.7069
17,1257,0,0.7884,0.2170,0.9290,0.7059
18,1257,0,0.7912,0.2161,0.9316,0.7047
19,1257,0,0.7938,0.2163,0.9330,0.7061
20,1257,0,0.7947,0.2159,0.9341,0.7042
21,1257,0,0.7979,0.2151,0.9340,0.7029
22,1257,0,0.8014,0.2133,0.9335,0.7034
23,1257,0,0.8059,0.2123,0.9336,0.7034
24,1257,0,0.8109,0.2188,0.9324,0.7040
25,1257,0,0.8154,0.2198,0.9317,0.7042
26,1257,0,0.8180,0.2166,0.9286,0.7037
27,1257,0,0.8174,0.2162,0.9265,0.7052
28,1257,0,0.8168,0.2199,0.9238,0.7059
29,1257,0,0.8152,0.2178,0.9227,0.7073
30,1257,0,0.8156,0.2184,0.9225,0.7057
31,1257,0,0.8146,0.2176,0.9239,0.7042
32,1257,0,0.8135,0.2173,0.9269,0.7045
33,1257,0,0.8132,0.2171,0.9303,0.7045
34,1257,0,0.8116,0.2156,0.9332,0.7043
35,1257,0,0.8082,0.2138,0.9355,0.7034
36,1257,0,0.8067,0.2155,0.9357,0.7038
37,1257,0,0.8053,0.2159,0.9351,0.7040
38,1257,0,0.8042,0.2150,0.9339,0.7043
39,1257,0,0.8017,0.2149,0.9328,0.7049
40,1257,0,0.7996,0.2162,0.9317,0.7052
41,1257,0,0.7982,0.2167,0.9301,0.7059
42,1257,0,0.7976,0.2174,0.9284,0.7064
43,1257,0,0.7962,0.2183,0.9265,0.7075
44,1257,0,0.7939,0.2187,0.9252,0.7090
45,1257,0,0.7911,0.2190,0.9242,0.7110
46,1257,0,0.7872,0.2191,0.9229,0.7116
47,1257,0,0.7850,0.2185,0.9214,0.7124
48,1257,0,0.7795,0.2176,0.9181,0.7155
49,1257,0,0.7769,0.2184,0.9132,0.7177
50,1257,0,0.7740,0.2184,0.9085,0.7198
51,1257,0,0.7716,0.2180,0.9048,0.7193
52,1257,0,0.7727,0.2181,0.8992,0.7191
53,1257,0,0.7684,0.2188,0.8943,0.7197
54,1257,0,0.7684,0.2194,0.8877,0.7201
55,1257,0,0.7663,0.2201,0.8818,0.7206
56,1257,0,0.7619,0.2209,0.8748,0.7200
57,1257,0,0.7529,0.2221,0.8708,0.7207
58,1257,0,0.7463,0.2238,0.8657,0.7208
59,1257,0,0.7369,0.2240,0.8619,0.7220
60,1257,0,0.7304,0.2223,0.8606,0.7221
61,1257,0,0.7263,0.2231,0.8606,0.7221
62,1257,0,0.7236,0.2240,0.8602,0.7205
63,1257,0,0.7215,0.2245,0.8608,0.7188
64,1257,0,0.7206,0.2244,0.8607,0.7178
65,1257,0,0.7209,0.2246,0.8597,0.7161
66,1257,0,0.7200,0.2238,0.8584,0.7145
67,1257,0,0.7162,0.2223,0.8571,0.7095
68,1257,0,0.7142,0.2210,0.8533,0.7046
69,1257,0,0.7068,0.2188,0.8484,0.7017
70,1257,0,0.7064,0.2195,0.8415,0.6993
71,1257,0,0.7040,0.2201,0.8356,0.6994
72,1257,0,0.7028,0.2208,0.8303,0.6991
73,1257,0,0.6980,0.2204,0.8261,0.7018
74,1257,0,0.6970,0.2195,0.8222,0.7039
75,1257,0,0.6940,0.2200,0.8163,0.7055
76,1257,0,0.6919,0.2203,0.8097,0.7067
77,1257,0,0.6906,0.2219,0.8021,0.7073
78,1257,0,0.6855,0.2239,0.7944,0.7057
79,1257,0,0.6790,0.2242,0.7862,0.7024
80,1257,0,0.6712,0.2254,0.7790,0.7010
81,1257,0,0.6624,0.2266,0.7722,0.7019
82,1257,0,0.6549,0.2278,0.7661,0.7022
83,1257,0,0.6511,0.2271,0.7606,0.7032
84,1257,0,0.6460,0.2269,0.7571,0.7051
85,1257,0,0.6438,0.2271,0.7605,0.7054
86,1257,0,0.6403,0.2276,0.7600,0.7066
87,1257,0,0.6389,0.2281,0.7576,0.7071
88,1257,0,0.6374,0.2272,0.7579,0.7073
89,1257,0,0.6366,0.2258,0.7499,0.7088
90,1257,0,0.6358,0.2244,0.7465,0.7099
91,1257,0,0.6314,0.2233,0.7388,0.7108
92,1257,0,0.6245,0.2225,0.7334,0.7110
93,1257,0,0.6164,0.2218,0.7293,0.7117
94,1257,0,0.6194,0.2206,0.7242,0.7132
95,1257,0,0.6190,0.2194,0.7158,0.7126
96,1257,0,0.6136,0.2179,0.7085,0.7113
97,1257,0,0.6103,0.2177,0.7023,0.7124
98,1257,0,0.6063,0.2168,0.6975,0.7105
99,1257,0,0.5963,0.2164,0.6920,0.7082
100,1257,0,0.5867,0.2171,0.6876,0.7081
101,1257,0,0.5793,0.2175,0.6858,0.7059
102,1257,0,0.5678,0.2190,0.6847,0.7037
103,1257,0,0.5602,0.2222,0.6844,0.7030
104,1257,0,0.5517,0.2224,0.6844,0.7029
105,1257,0,0.5514,0.2236,0.6837,0.7053
106,1257,0,0.5485,0.2252,0.6833,0.7068
107,1257,0,0.5469,0.2255,0.6828,0.7091
108,1257,0,0.5448,0.2239,0.6827,0.7107
109,1257,0,0.5429,0.2237,0.6821,0.7094
110,1257,0,0.5411,0.2233,0.6802,0.7095
111,1257,0,0.5418,0.2227,0.6785,0.7092
112,1257,0,0.5353,0.2218,0.6741,0.7077
113,1257,0,0.5277,0.2217,0.6670,0.7081
114,1257,0,0.5216,0.2204,0.6604,0.7096
115,1257,0,0.5173,0.2177,0.6525,0.7091
116,1257,0,0.5137,0.2163,0.6431,0.7113
117,1257,0,0.5148,0.2155,0.6326,0.7151
118,1257,0,0.5096,0.2151,0.6214,0.7167
119,1257,0,0.5085,0.2156,0.6046,0.7172
120,1257,0,0.5014,0.2164,0.5947,0.7180
121,1257,0,0.4935,0.2184,0.5902,0.7170
122,1257,0,0.4838,0.2213,0.5891,0.7187
123,1257,0,0.4749,0.2241,0.5890,0.7172
124,1257,0,0.4675,0.2262,0.5888,0.7179
125,1257,0,0.4618,0.2280,0.5886,0.7212
126,1257,0,0.4597,0.2291,0.5885,0.7218
127,1257,0,0.4540,0.2289,0.5879,0.7211
128,1257,0,0.4529,0.2292,0.5865,0.7222
129,1257,0,0.4533,0.2268,0.5855,0.7235
130,1257,0,0.4519,0.2261,0.5816,0.7239
131,1257,0,0.4444,0.2251,0.5788,0.7239
132,1257,0,0.4392,0.2221,0.5743,0.7229
133,1257,0,0.4379,0.2213,0.5648,0.7244
134,1257,0,0.4320,0.2177,0.5537,0.7224
135,1257,0,0.4284,0.2171,0.5381,0.7221
136,1257,0,0.4245,0.2162,0.5240,0.7240
137,1257,0,0.4228,0.2163,0.5142,0.7245
138,1257,0,0.4275,0.2160,0.5074,0.7271
139,1257,0,0.4239,0.2146,0.5025,0.7277
140,1257,0,0.4193,0.2168,0.4991,0.7283
141,1257,0,0.4107,0.2188,0.4975,0.7294
142,1257,0,0.3980,0.2205,0.4959,0.7305
143,1257,0,0.3862,0.2221,0.4958,0.7325
144,1257,0,0.3721,0.2243,0.4964,0.7349
145,1257,0,0.3619,0.2261,0.4966,0.7357
146,1257,0,0.3583,0.2277,0.4960,0.7364
147,1257,0,0.3572,0.2290,0.4953,0.7360
148,1257,0,0.3550,0.2285,0.4949,0.7340
149,1257,0,0.3506,0.2277,0.4939,0.7323
150,1257,0,0.3463,0.2263,0.4912,0.7291
151,1257,0,0.3466,0.2273,0.4885,0.7278
152,1257,0,0.3469,0.2266,0.4849,0.7251
153,1257,0,0.3453,0.2258,0.4795,0.7198
154,1257,0,0.3406,0.2246,0.4748,0.7139
155,1257,0,0.3365,0.2232,0.4695,0.7127
156,1257,0,0.3279,0.2221,0.4638,0.7141
157,1257,0,0.3227,0.2218,0.4559,0.7160
158,1257,0,0.3172,0.2202,0.4465,0.7193
159,1257,0,0.3097,0.2197,0.4355,0.7258
160,1257,0,0.3028,0.2206,0.4156,0.7315
161,1257,0,0.3024,0.2213,0.4080,0.7331
162,1257,0,0.2934,0.2213,0.3984,0.7343
163,1257,0,0.2805,0.2226,0.3963,0.7350
164,1257,0,0.2695,0.2238,0.3951,0.7351
165,1257,0,0.2604,0.2271,0.3947,0.7329
166,1257,0,0.2515,0.2296,0.3940,0.7329
167,1257,0,0.2441,0.2303,0.3934,0.7335
168,1257,0,0.2398,0.2312,0.3910,0.7345
169,1257,0,0.2371,0.2319,0.3885,0.7347
170,1257,0,0.2349,0.2308,0.3862,0.7344
171,1257,0,0.2341,0.2290,0.3848,0.7325
172,1257,0,0.2329,0.2266,0.3803,0.7329
173,1257,0,0.2293,0.2238,0.3720,0.7335
174,1257,0,0.2298,0.2203,0.3607,0.7329
175,1257,0,0.2175,0.2203,0.3525,0.7308
176,1257,0,0.2142,0.2188,0.3454,0.7319
177,1257,0,0.2096,0.2183,0.3221,0.7345
178,1257,0,0.2088,0.2173,0.3064,0.7364
179,1257,0,0.2000,0.2166,0.3010,0.7387
180,1257,0,0.2020,0.2172,0.2938,0.7403
181,1257,0,0.1953,0.2175,0.2909,0.7399
182,1257,0,0.1868,0.2179,0.2881,0.7392
183,1257,0,0.1769,0.2179,0.2861,0.7387
184,1257,0,0.1655,0.2204,0.2859,0.7394
185,1257,0,0.1557,0.2229,0.2851,0.7407
186,1257,0,0.1486,0.2262,0.2866,0.7406
187,1257,0,0.1435,0.2272,0.2873,0.7420
188,1257,0,0.1410,0.2265,0.2859,0.7423
189,1257,0,0.1383,0.2278,0.2854,0.7437
190,1257,0,0.1378,0.2298,0.2823,0.7432
191,1257,0,0.1312,0.2292,0.2783,0.7415
192,1257,0,0.1281,0.2268,0.2733,0.7383
193,1257,0,0.1231,0.2245,0.2667,0.7351
194,1257,0,0.1266,0.2235,0.2591,0.7322
195,1257,0,0.1126,0.2215,0.2517,0.7296
196,1257,0,0.1045,0.2194,0.2434,0.7302
197,1257,0,0.0988,0.2183,0.2360,0.7317
198,1257,0,0.0936,0.2183,0.2262,0.7343
199,1257,0,0.0883,0.2169,0.2150,0.7432
200,1257,0,0.0934,0.2183,0.2051,0.7455
201,1257,0,0.0931,0.2191,0.1978,0.7491
202,1257,0,0.0806,0.2203,0.1948,0.7501
203,1257,0,0.0686,0.2213,0.1914,0.7488
204,1257,0,0.0562,0.2349,0.1901,0.7495
205,1257,0,0.0479,0.2279,0.1885,0.7488
207,1257,0,0.0354,0.2618,0.1838,0.7454
215,1257,0,0.0197,0.2273,0.1690,0.7464
216,1257,0,0.0226,0.2258,0.1694,0.7457
217,1257,0,0.0225,0.2231,0.1698,0.7444
218,1257,0,0.0226,0.2209,0.1665,0.7443
219,1257,0,0.0212,0.2199,0.1624,0.7437
220,1257,0,0.0180,0.2192,0.1587,0.7435
221,1257,0,0.0155,0.2192,0.1569,0.7435
222,1257,0,0.0123,0.2186,0.1540,0.7435
223,1257,0,0.0102,0.2193,0.1509,0.7444
224,1257,0,0.0088,0.2174,0.1483,0.7454
225,1257,0,0.0070,0.2190,0.1452,0.7458
226,1257,0,0.0049,0.2657,0.1445,0.7475
227,1257,0,0.0038,0.2342,0.1454,0.7487
228,1257,0,0.0026,0.2256,0.1457,0.7473
229,1257,0,0.0019,0.2307,0.1454,0.7463
230,1257,0,0.0015,0.2307,0.1448,0.7454
231,1257,0,0.0011,0.2238,0.1454,0.7446
232,1257,0,0.0012,0.2232,0.1440,0.7442
233,1257,0,0.0020,0.2235,0.1435,0.7443
234,1257,0,0.0019,0.2239,0.1424,0.7440
235,1257,0,0.0021,0.2239,0.1420,0.7448
236,1257,0,0.0035,0.2232,0.1438,0.7439
237,1257,0,0.0048,0.2234,0.1439,0.7444
238,1257,0,0.0058,0.2228,0.1443,0.7442
239,1257,0,0.0069,0.2229,0.1453,0.7445
240,1257,0,0.0099,0.2227,0.1476,0.7440
241,1257,0,0.0122,0.2217,0.1484,0.7436
242,1257,0,0.0161,0.2220,0.1452,0.7435
243,1257,0,0.0191,0.2217,0.1443,0.7438
244,1257,0,0.0208,0.2213,0.1454,0.7444
245,1257,0,0.0221,0.2213,0.1469,0.7452
246,1257,0,0.0206,0.2222,0.1523,0.7431
247,1257,0,0.0196,0.2228,0.1595,0.7415
248,1257,0,0.0202,0.2218,0.1625,0.7408
249,1257,0,0.0217,0.2206,0.1635,0.7404
250,1257,0,0.0220,0.2217,0.1668,0.7407
251,1257,0,0.0248,0.2215,0.1671,0.7415
252,1257,0,0.0286,0.2210,0.1699,0.7410
253,1257,0,0.0310,0.2202,0.1715,0.7386
254,1257,0,0.0356,0.2200,0.1785,0.7395
255,1257,0,0.0415,0.2201,0.1823,0.7414
256,1257,0,0.0467,0.2199,0.1849,0.7429
257,1257,0,0.0478,0.2206,0.1871,0.7427
258,1257,0,0.0469,0.2211,0.1879,0.7424
259,1257,0,0.0463,0.2212,0.1884,0.7389
260,1257,0,0.0460,0.2201,0.1901,0.7388
261,1257,0,0.0456,0.2194,0.1962,0.7387
262,1257,0,0.0457,0.2211,0.2034,0.7361
263,1257,0,0.0469,0.2225,0.2129,0.7352
264,1257,0,0.0477,0.2239,0.2255,0.7351
265,1257,0,0.0487,0.2268,0.2336,0.7344
266,1257,0,0.0509,0.2277,0.2381,0.7331
267,1257,0,0.0544,0.2311,0.2395,0.7327
268,1257,0,0.0592,0.2337,0.2424,0.7342
269,1257,0,0.0640,0.2341,0.2441,0.7345
270,1257,0,0.0702,0.2336,0.2436,0.7352
271,1257,0,0.0760,0.2332,0.2436,0.7332
272,1257,0,0.0856,0.2321,0.2461,0.7334
273,1257,0,0.0922,0.2314,0.2489,0.7339
274,1257,0,0.1021,0.2299,0.2556,0.7331
275,1257,0,0.1134,0.2289,0.2612,0.7302
276,1257,0,0.1239,0.2273,0.2638,0.7281
277,1257,0,0.1351,0.2252,0.2685,0.7294
278,1257,0,0.1454,0.2246,0.2733,0.7287
279,1257,0,0.1567,0.2249,0.2765,0.7287
280,1257,0,0.1628,0.2252,0.2819,0.7311
281,1257,0,0.1670,0.2250,0.2855,0.7334
282,1257,0,0.1689,0.2245,0.2885,0.7314
283,1257,0,0.1700,0.2245,0.2926,0.7328
284,1257,0,0.1738,0.2261,0.2997,0.7314
285,1257,0,0.1760,0.2259,0.3084,0.7333
286,1257,0,0.1815,0.2269,0.3187,0.7340
287,1257,0,0.1868,0.2275,0.3269,0.7355
288,1257,0,0.1912,0.2287,0.3316,0.7354
289,1257,0,0.1949,0.2305,0.3341,0.7358
290,1257,0,0.1988,0.2326,0.3381,0.7368
291,1257,0,0.2021,0.2324,0.3405,0.7377
292,1257,0,0.2053,0.2316,0.3433,0.7380
293,1257,0,0.2063,0.2299,0.3448,0.7368
294,1257,0,0.2082,0.2281,0.3462,0.7371
295,1257,0,0.2138,0.2263,0.3490,0.7384
296,1257,0,0.2212,0.2250,0.3524,0.7379
297,1257,0,0.2282,0.2240,0.3576,0.7390
298,1257,0,0.2386,0.2224,0.3623,0.7382
299,1257,0,0.2459,0.2212,0.3646,0.7381
300,1257,0,0.2519,0.2217,0.3676,0.7365
301,1257,0,0.2597,0.2210,0.3711,0.7368
302,1257,0,0.2674,0.2226,0.3763,0.7358
303,1257,0,0.2728,0.2225,0.3819,0.7340
304,1257,0,0.2780,0.2216,0.3889,0.7341
305,1257,0,0.2821,0.2215,0.3985,0.7358
306,1257,0,0.2845,0.2231,0.4104,0.7381
307,1257,0,0.2835,0.2242,0.4199,0.7378
308,1257,0,0.2785,0.2251,0.4295,0.7353
309,1257,0,0.2755,0.2284,0.4380,0.7320
310,1257,0,0.2734,0.2296,0.4398,0.7293
311,1257,0,0.2730,0.2302,0.4417,0.7308
312,1257,0,0.2723,0.2313,0.4439,0.7298
313,1257,0,0.2737,0.2318,0.4437,0.7315
314,1257,0,0.2787,0.2313,0.4443,0.7322
315,1257,0,0.2851,0.2299,0.4465,0.7323
316,1257,0,0.2912,0.2287,0.4513,0.7315
317,1257,0,0.2995,0.2276,0.4565,0.7285
318,1257,0,0.3119,0.2257,0.4621,0.7264
319,1257,0,0.3194,0.2255,0.4646,0.7236
320,1257,0,0.3347,0.2231,0.4692,0.7247
321,1257,0,0.3492,0.2219,0.4736,0.7279
322,1257,0,0.3594,0.2234,0.4789,0.7264
323,1257,0,0.3663,0.2235,0.4835,0.7271
324,1257,0,0.3724,0.2234,0.4864,0.7282
325,1257,0,0.3763,0.2230,0.4937,0.7276
326,1257,0,0.3811,0.2226,0.5033,0.7267
327,1257,0,0.3881,0.2237,0.5155,0.7251
328,1257,0,0.3909,0.2266,0.5248,0.7235
329,1257,0,0.3936,0.2293,0.5323,0.7228
330,1257,0,0.3966,0.2301,0.5370,0.7234
331,1257,0,0.3987,0.2299,0.5399,0.7247
332,1257,0,0.3994,0.2295,0.5426,0.7245
333,1257,0,0.3990,0.2267,0.5433,0.7237
334,1257,0,0.3995,0.2249,0.5440,0.7235
335,1257,0,0.4007,0.2249,0.5470,0.7251
336,1257,0,0.4056,0.2258,0.5475,0.7282
337,1257,0,0.4138,0.2230,0.5539,0.7296
338,1257,0,0.4205,0.2229,0.5604,0.7290
339,1257,0,0.4276,0.2213,0.5622,0.7283
340,1257,0,0.4343,0.2207,0.5665,0.7273
341,1257,0,0.4429,0.2164,0.5716,0.7269
342,1257,0,0.4524,0.2160,0.5774,0.7260
343,1257,0,0.4574,0.2177,0.5822,0.7240
344,1257,0,0.4608,0.2192,0.5866,0.7241
345,1257,0,0.4646,0.2217,0.5945,0.7241
346,1257,0,0.4668,0.2224,0.6043,0.7200
347,1257,0,0.4720,0.2209,0.6145,0.7174
348,1257,0,0.4783,0.2218,0.6223,0.7171
349,1257,0,0.4862,0.2197,0.6289,0.7180
350,1257,0,0.4926,0.2249,0.6338,0.7190
351,1257,0,0.4989,0.2288,0.6352,0.7198
352,1257,0,0.5007,0.2298,0.6378,0.7198
353,1257,0,0.5017,0.2290,0.6395,0.7187
354,1257,0,0.5052,0.2281,0.6422,0.7178
355,1257,0,0.5067,0.2260,0.6445,0.7163
356,1257,0,0.5110,0.2250,0.6507,0.7151
357,1257,0,0.5140,0.2237,0.6508,0.7132
358,1257,0,0.5182,0.2225,0.6570,0.7116
359,1257,0,0.5237,0.2225,0.6659,0.7109
360,1257,0,0.5318,0.2220,0.6715,0.7111
361,1257,0,0.5387,0.2189,0.6730,0.7108
362,1257,0,0.5401,0.2172,0.6780,0.7113
363,1257,0,0.5406,0.2159,0.6835,0.7126
364,1257,0,0.5399,0.2155,0.6858,0.7141
365,1257,0,0.5390,0.2154,0.6881,0.7142
366,1257,0,0.5393,0.2171,0.6980,0.7130
367,1257,0,0.5406,0.2211,0.7103,0.7129
368,1257,0,0.5420,0.2228,0.7211,0.7124
369,1257,0,0.5473,0.2228,0.7284,0.7132
370,1257,0,0.5527,0.2253,0.7343,0.7144
371,1257,0,0.5567,0.2252,0.7372,0.7145
372,1257,0,0.5623,0.2245,0.7406,0.7167
373,1257,0,0.5694,0.2238,0.7420,0.7180
374,1257,0,0.5761,0.2235,0.7425,0.7185
375,1257,0,0.5827,0.2233,0.7425,0.7193
376,1257,0,0.5907,0.2215,0.7442,0.7194
377,1257,0,0.5960,0.2212,0.7473,0.7199
378,1257,0,0.5967,0.2201,0.7517,0.7189
379,1257,0,0.5991,0.2199,0.7573,0.7170
380,1257,0,0.6035,0.2182,0.7599,0.7149
381,1257,0,0.6097,0.2166,0.7656,0.7143
382,1257,0,0.6168,0.2169,0.7698,0.7140
383,1257,0,0.6262,0.2156,0.7715,0.7134
384,1257,0,0.6334,0.2134,0.7769,0.7143
385,1257,0,0.6468,0.2141,0.7840,0.7114
386,1257,0,0.6534,0.2162,0.7865,0.7125
387,1257,0,0.6561,0.2183,0.7936,0.7139
388,1257,0,0.6571,0.2199,0.8009,0.7133
389,1257,0,0.6585,0.2222,0.8115,0.7118
390,1257,0,0.6640,0.2233,0.8188,0.7112
391,1257,0,0.6674,0.2246,0.8249,0.7119
392,1257,0,0.6705,0.2256,0.8286,0.7137
393,1257,0,0.6742,0.2248,0.8299,0.7129
394,1257,0,0.6777,0.2247,0.8323,0.7128
395,1257,0,0.6825,0.2237,0.8348,0.7127
396,1257,0,0.6899,0.2241,0.8366,0.7123
397,1257,0,0.6975,0.2243,0.8369,0.7142
398,1257,0,0.7036,0.2234,0.8376,0.7145
399,1257,0,0.7098,0.2235,0.8402,0.7130
400,1257,0,0.7172,0.2238,0.8438,0.7114
401,1257,0,0.7232,0.2237,0.8500,0.7108
402,1257,0,0.7258,0.2220,0.8611,0.7102
403,1257,0,0.7263,0.2205,0.8600,0.7088
404,1257,0,0.7284,0.2196,0.8603,0.7125
405,1257,0,0.7299,0.2203,0.8626,0.7153
406,1257,0,0.7304,0.2203,0.8661,0.7161
407,1257,0,0.7307,0.2189,0.8783,0.7171
408,1257,0,0.7309,0.2189,0.8916,0.7161
409,1257,0,0.7326,0.2203,0.9025,0.7149
410,1257,0,0.7367,0.2216,0.9111,0.7134
411,1257,0,0.7390,0.2229,0.9164,0.7118
412,1257,0,0.7406,0.2243,0.9224,0.7111
413,1257,0,0.7432,0.2245,0.9254,0.7115
414,1257,0,0.7448,0.2251,0.9239,0.7107
415,1257,0,0.7459,0.2252,0.9201,0.7105
416,1257,0,0.7480,0.2268,0.9188,0.7102
417,1257,0,0.7502,0.2259,0.9178,0.7079
418,1257,0,0.7518,0.2251,0.9168,0.7064
419,1257,0,0.7547,0.2247,0.9170,0.7067
420,1257,0,0.7564,0.2239,0.9192,0.7089
421,1257,0,0.7593,0.2223,0.9239,0.7118
