# resolution: 1920,1080
frame,track_id,class,x1_norm,y1_norm,x2_norm,y2_norm
0,1,0,0.1536,0.3107,0.3123,0.9883
1,1,0,0.1551,0.3100,0.3137,0.9885
2,1,0,0.1565,0.3095,0.3161,0.9884
3,1,0,0.1573,0.3090,0.3176,0.9878
4,1,0,0.1609,0.3092,0.3188,0.9875
5,1,0,0.1649,0.3089,0.3210,0.9887
6,1,0,0.1707,0.3068,0.3221,0.9885
7,1,0,0.1731,0.3064,0.3231,0.9898
8,1,0,0.1752,0.3053,0.3239,0.9900
9,1,0,0.1790,0.3034,0.3252,0.9884
10,1,0,0.1824,0.3029,0.3269,0.9874
11,1,0,0.1849,0.3024,0.3291,0.9852
12,1,0,0.1871,0.3026,0.3309,0.9841
13,1,0,0.1891,0.3041,0.3334,0.9815
14,1,0,0.1906,0.3065,0.3356,0.9823
15,1,0,0.1916,0.3066,0.3378,0.9798
16,1,0,0.1929,0.3074,0.3403,0.9788
17,1,0,0.1941,0.3087,0.3427,0.9777
18,1,0,0.1956,0.3100,0.3462,0.9767
19,1,0,0.1968,0.3115,0.3492,0.9766
20,1,0,0.1984,0.3136,0.3516,0.9786
21,1,0,0.1990,0.3147,0.3550,0.9797
22,1,0,0.1991,0.3153,0.3581,0.9808
23,1,0,0.1997,0.3158,0.3608,0.9817
24,1,0,0.2000,0.3158,0.3652,0.9811
25,1,0,0.1994,0.3164,0.3681,0.9810
26,1,0,0.1984,0.3165,0.3710,0.9813
27,1,0,0.1979,0.3165,0.3744,0.9817
28,1,0,0.1986,0.3165,0.3788,0.9822
29,1,0,0.1999,0.3165,0.3825,0.9829
30,1,0,0.2018,0.3169,0.3860,0.9839
31,1,0,0.2029,0.3169,0.3889,0.9854
32,1,0,0.2045,0.3172,0.3912,0.9830
33,1,0,0.2074,0.3173,0.3946,0.9832
34,1,0,0.2114,0.3167,0.3971,0.9833
35,1,0,0.2149,0.3176,0.3995,0.9830
36,1,0,0.2205,0.3180,0.4010,0.9824
37,1,0,0.2263,0.3176,0.4028,0.9848
38,1,0,0.2348,0.3172,0.4045,0.9847
39,1,0,0.2408,0.3165,0.4058,0.9860
40,1,0,0.2477,0.3163,0.4073,0.9888
41,1,0,0.2615,0.3172,0.4093,0.9930
42,1,0,0.2698,0.3181,0.4112,0.9960
43,1,0,0.2734,0.3167,0.4131,0.9965
44,1,0,0.2750,0.3166,0.4144,0.9968
45,1,0,0.2762,0.3168,0.4157,0.9966
46,1,0,0.2776,0.3172,0.4182,0.9976
47,1,0,0.2795,0.3174,0.4202,0.9972
48,1,0,0.2809,0.3176,0.4212,0.9965
49,1,0,0.2821,0.3176,0.4223,0.9955
50,1,0,0.2831,0.3177,0.4233,0.9952
51,1,0,0.2837,0.3185,0.4251,0.9962
52,1,0,0.2847,0.3184,0.4275,0.9967
53,1,0,0.2851,0.3181,0.4290,0.9968
54,1,0,0.2852,0.3178,0.4316,0.9966
55,1,0,0.2853,0.3172,0.4337,0.9963
56,1,0,0.2854,0.3167,0.4357,0.9962
57,1,0,0.2858,0.3158,0.4379,0.9967
58,1,0,0.2861,0.3154,0.4397,0.9970
59,1,0,0.2861,0.3149,0.4436,0.9967
60,1,0,0.2867,0.3148,0.4467,0.9968
61,1,0,0.2874,0.3142,0.4493,0.9969
62,1,0,0.2881,0.3144,0.4524,0.9974
63,1,0,0.2883,0.3143,0.4553,0.9976
64,1,0,0.2890,0.3127,0.4590,0.9972
65,1,0,0.2903,0.3118,0.4626,0.9972
66,1,0,0.2925,0.3114,0.4651,0.9977
67,1,0,0.2961,0.3112,0.4675,0.9984
68,1,0,0.3042,0.3110,0.4684,0.9983
69,1,0,0.3161,0.3105,0.4720,0.9983
70,1,0,0.3243,0.3092,0.4733,0.9984
71,1,0,0.3305,0.3084,0.4724,0.9977
72,1,0,0.3344,0.3076,0.4737,0.9976
73,1,0,0.3374,0.3069,0.4779,0.9971
74,1,0,0.3397,0.3067,0.4819,0.9959
75,1,0,0.3422,0.3077,0.4853,0.9957
76,1,0,0.3442,0.3088,0.4877,0.9951
77,1,0,0.3463,0.3098,0.4902,0.9948
78,1,0,0.3474,0.3112,0.4918,0.9952
79,1,0,0.3478,0.3111,0.4937,0.9940
80,1,0,0.3488,0.3122,0.4967,0.9951
81,1,0,0.3506,0.3146,0.5021,0.9952
82,1,0,0.3516,0.3156,0.5053,0.9950
83,1,0,0.3518,0.3159,0.5100,0.9953
84,1,0,0.3523,0.3166,0.5134,0.9951
85,1,0,0.3529,0.3170,0.5155,0.9943
86,1,0,0.3529,0.3169,0.5169,0.9936
87,1,0,0.3531,0.3179,0.5201,0.9950
88,1,0,0.3519,0.3172,0.5225,0.9943
89,1,0,0.3524,0.3167,0.5274,0.9941
90,1,0,0.3523,0.3168,0.5331,0.9943
91,1,0,0.3528,0.3177,0.5376,0.9950
92,1,0,0.3538,0.3174,0.5387,0.9952
93,1,0,0.3556,0.3188,0.5400,0.9960
94,1,0,0.3568,0.3195,0.5409,0.9960
95,1,0,0.3570,0.3202,0.5413,0.9966
96,1,0,0.3593,0.3200,0.5397,0.9962
97,1,0,0.3641,0.3195,0.5515,0.9968
98,1,0,0.3679,0.3194,0.5462,0.9951
99,1,0,0.3717,0.3188,0.5575,0.9962
100,1,0,0.3777,0.3183,0.5649,0.9962
101,1,0,0.3857,0.3185,0.5667,0.9977
102,1,0,0.3939,0.3181,0.5697,0.9975
103,1,0,0.4059,0.3176,0.5720,0.9978
104,1,0,0.4170,0.3168,0.5683,0.9971
105,1,0,0.4287,0.3162,0.5653,0.9969
106,1,0,0.4338,0.3162,0.5547,0.9974
107,1,0,0.4356,0.3163,0.5518,0.9971
108,1,0,0.4375,0.3170,0.5526,0.9991
109,1,0,0.4381,0.3171,0.5544,0.9999
110,1,0,0.4378,0.3175,0.5604,0.9997
111,1,0,0.4381,0.3170,0.5671,0.9985
112,1,0,0.4383,0.3191,0.5745,0.9972
113,1,0,0.4386,0.3198,0.5803,0.9971
114,1,0,0.4381,0.3207,0.5841,0.9969
115,1,0,0.4379,0.3199,0.5907,0.9971
116,1,0,0.4373,0.3201,0.5891,0.9963
117,1,0,0.4376,0.3183,0.5897,0.9974
118,1,0,0.4377,0.3175,0.5887,0.9980
119,1,0,0.4383,0.3171,0.5882,0.9969
120,1,0,0.4402,0.3159,0.5878,0.9983
121,1,0,0.4410,0.3162,0.5875,0.9989
122,1,0,0.4418,0.3160,0.5888,1.0000
123,1,0,0.4417,0.3176,0.5894,1.0000
124,1,0,0.4420,0.3191,0.5918,0.9995
125,1,0,0.4439,0.3202,0.5942,0.9986
126,1,0,0.4461,0.3190,0.5972,0.9980
127,1,0,0.4500,0.3174,0.5992,0.9993
128,1,0,0.4544,0.3154,0.6015,0.9971
129,1,0,0.4587,0.3143,0.6036,0.9963
130,1,0,0.4644,0.3132,0.6057,0.9963
131,1,0,0.4709,0.3147,0.6095,0.9976
132,1,0,0.4796,0.3151,0.6143,0.9983
133,1,0,0.4892,0.3126,0.6155,0.9931
134,1,0,0.4979,0.3101,0.6213,0.9954
135,1,0,0.5023,0.3083,0.6173,0.9983
136,1,0,0.5059,0.3063,0.6168,0.9984
137,1,0,0.5080,0.3056,0.6164,0.9984
138,1,0,0.5087,0.3059,0.6176,0.9977
139,1,0,0.5101,0.3063,0.6195,0.9977
140,1,0,0.5113,0.3064,0.6227,0.9981
141,1,0,0.5131,0.3081,0.6269,0.9990
142,1,0,0.5146,0.3092,0.6306,0.9997
143,1,0,0.5162,0.3098,0.6349,0.9992
144,1,0,0.5177,0.3093,0.6405,0.9985
145,1,0,0.5191,0.3093,0.6431,0.9978
146,1,0,0.5204,0.3122,0.6436,0.9968
147,1,0,0.5212,0.3120,0.6458,0.9966
148,1,0,0.5218,0.3106,0.6486,0.9970
149,1,0,0.5219,0.3109,0.6484,0.9972
150,1,0,0.5220,0.3127,0.6499,0.9973
151,1,0,0.5215,0.3120,0.6502,0.9971
152,1,0,0.5211,0.3115,0.6509,0.9971
153,1,0,0.5211,0.3123,0.6509,0.9989
154,1,0,0.5219,0.3113,0.6514,0.9979
155,1,0,0.5218,0.3126,0.6537,0.9992
156,1,0,0.5223,0.3115,0.6568,0.9997
157,1,0,0.5229,0.3111,0.6802,0.9976
158,1,0,0.5231,0.3129,0.6874,0.9980
159,1,0,0.5240,0.3138,0.6920,0.9973
160,1,0,0.5249,0.3156,0.6871,0.9973
161,1,0,0.5271,0.3166,0.6868,0.9968
162,1,0,0.5297,0.3168,0.6810,0.9965
163,1,0,0.5338,0.3177,0.6794,0.9963
164,1,0,0.5397,0.3173,0.6783,0.9941
165,1,0,0.5466,0.3172,0.6791,0.9955
166,1,0,0.5551,0.3180,0.6858,0.9957
167,1,0,0.5632,0.3173,0.6956,0.9958
168,1,0,0.5678,0.3170,0.6961,0.9958
169,1,0,0.5708,0.3180,0.6903,0.9963
170,1,0,0.5725,0.3181,0.6885,0.9956
171,1,0,0.5737,0.3193,0.6893,0.9959
172,1,0,0.5753,0.3195,0.6907,0.9958
173,1,0,0.5773,0.3201,0.6938,0.9959
174,1,0,0.5788,0.3205,0.6961,0.9963
175,1,0,0.5800,0.3214,0.6975,0.9967
176,1,0,0.5818,0.3199,0.6977,0.9967
177,1,0,0.5833,0.3160,0.6996,0.9964
178,1,0,0.5836,0.3135,0.7011,0.9965
179,1,0,0.5839,0.3117,0.7032,0.9962
180,1,0,0.5849,0.3083,0.7035,0.9964
181,1,0,0.5873,0.3085,0.7059,0.9968
182,1,0,0.5878,0.3055,0.7182,0.9952
183,1,0,0.5891,0.3039,0.7354,0.9945
184,1,0,0.5912,0.3053,0.7376,0.9965
185,1,0,0.5918,0.3026,0.7445,0.9952
186,1,0,0.5975,0.3043,0.7444,0.9967
187,1,0,0.6025,0.3020,0.7504,0.9948
188,1,0,0.6058,0.3003,0.7525,0.9943
189,1,0,0.6069,0.3018,0.7536,0.9959
190,1,0,0.6073,0.3027,0.7571,0.9964
191,1,0,0.6069,0.3036,0.7597,0.9963
192,1,0,0.6063,0.3046,0.7615,0.9965
193,1,0,0.6057,0.3043,0.7632,0.9973
194,1,0,0.6056,0.3018,0.7647,0.9985
195,1,0,0.6060,0.3010,0.7650,0.9987
196,1,0,0.6065,0.3015,0.7651,0.9991
197,1,0,0.6074,0.3013,0.7649,0.9996
198,1,0,0.6086,0.3020,0.7648,0.9998
199,1,0,0.6104,0.3020,0.7641,0.9999
200,1,0,0.6121,0.3032,0.7628,0.9984
201,1,0,0.6138,0.3030,0.7613,0.9979
202,1,0,0.6154,0.3030,0.7618,0.9979
203,1,0,0.6176,0.3038,0.7611,0.9986
204,1,0,0.6190,0.3048,0.7599,0.9985
205,1,0,0.6200,0.3058,0.7587,0.9969
206,1,0,0.6200,0.3056,0.7584,0.9977
207,1,0,0.6193,0.3060,0.7583,0.9983
208,1,0,0.6168,0.3062,0.7578,0.9986
209,1,0,0.6145,0.3067,0.7583,0.9989
210,1,0,0.6114,0.3069,0.7590,0.9991
211,1,0,0.6094,0.3069,0.7603,0.9985
212,1,0,0.6075,0.3071,0.7607,0.9966
213,1,0,0.6075,0.3078,0.7608,0.9952
214,1,0,0.6073,0.3077,0.7600,0.9908
215,1,0,0.6077,0.3082,0.7591,0.9869
216,1,0,0.6085,0.3087,0.7581,0.9848
217,1,0,0.6091,0.3094,0.7561,0.9868
218,1,0,0.6102,0.3096,0.7534,0.9849
219,1,0,0.6106,0.3106,0.7508,0.9825
220,1,0,0.6102,0.3121,0.7480,0.9903
221,1,0,0.6092,0.3151,0.7448,0.9914
222,1,0,0.6098,0.3147,0.7412,0.9894
223,1,0,0.6086,0.3185,0.7373,0.9906
224,1,0,0.6065,0.3199,0.7331,0.9807
225,1,0,0.6022,0.3215,0.7295,0.9884
226,1,0,0.5986,0.3205,0.7273,0.9905
227,1,0,0.5941,0.3201,0.7254,0.9912
228,1,0,0.5886,0.3202,0.7234,0.9908
229,1,0,0.5837,0.3212,0.7210,0.9913
230,1,0,0.5794,0.3221,0.7193,0.9951
231,1,0,0.5756,0.3223,0.7156,0.9958
232,1,0,0.5727,0.3242,0.7110,0.9958
233,1,0,0.5708,0.3236,0.7071,0.9939
234,1,0,0.5689,0.3236,0.7032,0.9918
235,1,0,0.5656,0.3222,0.7004,0.9906
236,1,0,0.5627,0.3222,0.6977,0.9897
237,1,0,0.5610,0.3221,0.6957,0.9890
238,1,0,0.5586,0.3221,0.6936,0.9879
239,1,0,0.5558,0.3224,0.6922,0.9865
240,1,0,0.5542,0.3232,0.6907,0.9859
241,1,0,0.5530,0.3241,0.6895,0.9851
242,1,0,0.5530,0.3248,0.6871,0.9850
243,1,0,0.5520,0.3241,0.6836,0.9846
244,1,0,0.5511,0.3250,0.6812,0.9837
245,1,0,0.5497,0.3248,0.6792,0.9822
246,1,0,0.5512,0.3242,0.6769,0.9829
247,1,0,0.5496,0.3248,0.6746,0.9835
248,1,0,0.5492,0.3244,0.6729,0.9840
249,1,0,0.5452,0.3228,0.6712,0.9851
250,1,0,0.5407,0.3226,0.6695,0.9862
251,1,0,0.5368,0.3218,0.6681,0.9867
252,1,0,0.5337,0.3224,0.6663,0.9862
253,1,0,0.5329,0.3218,0.6655,0.9862
254,1,0,0.5277,0.3217,0.6647,0.9855
255,1,0,0.5247,0.3213,0.6643,0.9843
256,1,0,0.5201,0.3196,0.6635,0.9843
257,1,0,0.5173,0.3183,0.6634,0.9850
258,1,0,0.5153,0.3170,0.6630,0.9840
259,1,0,0.5132,0.3171,0.6621,0.9806
260,1,0,0.5117,0.3174,0.6628,0.9822
261,1,0,0.5106,0.3165,0.6636,0.9849
262,1,0,0.5100,0.3173,0.6613,0.9855
263,1,0,0.5087,0.3167,0.6588,0.9855
264,1,0,0.5080,0.3159,0.6536,0.9852
265,1,0,0.5072,0.3155,0.6488,0.9854
266,1,0,0.5047,0.3150,0.6446,0.9865
267,1,0,0.5052,0.3164,0.6415,0.9870
268,1,0,0.5045,0.3192,0.6398,0.9880
269,1,0,0.5032,0.3191,0.6391,0.9866
270,1,0,0.5011,0.3209,0.6382,0.9863
271,1,0,0.4984,0.3213,0.6370,0.9865
272,1,0,0.4965,0.3212,0.6355,0.9862
273,1,0,0.4934,0.3204,0.6341,0.9853
274,1,0,0.4903,0.3190,0.6326,0.9844
275,1,0,0.4883,0.3189,0.6308,0.9853
276,1,0,0.4866,0.3188,0.6293,0.9849
277,1,0,0.4866,0.3204,0.6286,0.9845
278,1,0,0.4870,0.3196,0.6273,0.9833
279,1,0,0.4877,0.3205,0.6269,0.9839
280,1,0,0.4860,0.3212,0.6262,0.9839
281,1,0,0.4797,0.3215,0.6265,0.9835
282,1,0,0.4774,0.3213,0.6264,0.9837
