# resolution: 1080,1920
frame,track_id,class,x1_norm,y1_norm,x2_norm,y2_norm
0,2544,0,0.4383,0.2917,0.6977,0.8721
1,2544,0,0.4438,0.2915,0.6986,0.8809
2,2544,0,0.4434,0.2917,0.6997,0.8858
3,2544,0,0.4396,0.2945,0.6996,0.8906
4,2544,0,0.4351,0.2925,0.6996,0.8893
5,2544,0,0.4290,0.2902,0.6986,0.8883
6,2544,0,0.4224,0.2874,0.6978,0.8903
7,2544,0,0.4199,0.2848,0.6972,0.8876
8,2544,0,0.4101,0.2816,0.6946,0.8886
9,2544,0,0.4243,0.2783,0.6919,0.8919
10,2544,0,0.4422,0.2779,0.6910,0.8932
11,2544,0,0.4121,0.2772,0.6913,0.8909
12,2544,0,0.4101,0.2782,0.6912,0.8926
13,2544,0,0.4203,0.2787,0.6899,0.8939
14,2544,0,0.4240,0.2778,0.6873,0.8938
15,2544,0,0.4340,0.2747,0.6877,0.8908
16,2544,0,0.4072,0.2767,0.6885,0.8900
17,2544,0,0.4023,0.2894,0.6906,0.8943
18,2544,0,0.4228,0.2793,0.6905,0.8932
19,2544,0,0.4596,0.2768,0.6914,0.8910
20,2544,0,0.4678,0.2766,0.6919,0.8888
21,2544,0,0.4546,0.2766,0.6865,0.8862
22,2544,0,0.4223,0.2772,0.6834,0.8845
23,2544,0,0.4032,0.2741,0.6834,0.8829
24,2544,0,0.3979,0.2737,0.6837,0.8822
25,2544,0,0.4077,0.2738,0.6851,0.8821
26,2544,0,0.4144,0.2737,0.6865,0.8838
27,2544,0,0.4190,0.2744,0.6905,0.8854
28,2544,0,0.4203,0.2755,0.6964,0.8852
29,2544,0,0.4217,0.2765,0.7020,0.8867
30,2544,0,0.4238,0.2774,0.7055,0.8879
31,2544,0,0.4281,0.2780,0.7088,0.8903
32,2544,0,0.4321,0.2789,0.7111,0.8913
33,2544,0,0.4363,0.2802,0.7148,0.8938
34,2544,0,0.4424,0.2804,0.7193,0.8951
35,2544,0,0.4441,0.2817,0.7206,0.8933
36,2544,0,0.4456,0.2822,0.7236,0.8844
37,2544,0,0.4468,0.2820,0.7260,0.8733
38,2544,0,0.4486,0.2818,0.7283,0.8676
39,2544,0,0.4493,0.2819,0.7296,0.8589
40,2544,0,0.4437,0.2819,0.7313,0.8525
41,2544,0,0.4344,0.2823,0.7331,0.8460
42,2544,0,0.4274,0.2831,0.7359,0.8420
43,2544,0,0.4129,0.2843,0.7374,0.8380
44,2544,0,0.4045,0.2849,0.7383,0.8349
45,2544,0,0.4047,0.2858,0.7384,0.8334
46,2544,0,0.4072,0.2866,0.7379,0.8329
47,2544,0,0.4084,0.2880,0.7353,0.8326
48,2544,0,0.4109,0.2896,0.7327,0.8326
49,2544,0,0.4132,0.2917,0.7297,0.8315
50,2544,0,0.4172,0.2937,0.7268,0.8308
51,2544,0,0.4192,0.2942,0.7250,0.8299
52,2544,0,0.4176,0.2935,0.7193,0.8308
53,2544,0,0.4153,0.2933,0.7148,0.8314
54,2544,0,0.4124,0.2935,0.7092,0.8334
55,2544,0,0.4104,0.2950,0.7023,0.8360
56,2544,0,0.4076,0.2965,0.6962,0.8358
57,2544,0,0.4045,0.2969,0.6891,0.8331
58,2544,0,0.4015,0.2965,0.6818,0.8310
59,2544,0,0.3993,0.2968,0.6743,0.8271
60,2544,0,0.3965,0.2963,0.6671,0.8213
61,2544,0,0.3940,0.2959,0.6597,0.8159
62,2544,0,0.3905,0.2949,0.6534,0.8078
63,2544,0,0.3855,0.2947,0.6490,0.7994
64,2544,0,0.3815,0.2946,0.6453,0.7910
65,2544,0,0.3782,0.2938,0.6401,0.7847
66,2544,0,0.3744,0.2940,0.6339,0.7799
67,2544,0,0.3714,0.2944,0.6298,0.7765
68,2544,0,0.3688,0.2948,0.6255,0.7728
69,2544,0,0.3669,0.2953,0.6220,0.7704
70,2544,0,0.3660,0.2954,0.6185,0.7691
71,2544,0,0.3659,0.2960,0.6157,0.7689
72,2544,0,0.3661,0.2969,0.6153,0.7699
73,2544,0,0.3675,0.2979,0.6153,0.7703
74,2544,0,0.3695,0.2984,0.6157,0.7709
75,2544,0,0.3719,0.2984,0.6162,0.7708
76,2544,0,0.3749,0.3004,0.6184,0.7707
77,2544,0,0.3772,0.3018,0.6208,0.7720
78,2544,0,0.3797,0.3036,0.6226,0.7716
79,2544,0,0.3831,0.3039,0.6245,0.7710
80,2544,0,0.3875,0.3062,0.6264,0.7702
81,2544,0,0.3911,0.3070,0.6279,0.7697
82,2544,0,0.3946,0.3078,0.6291,0.7682
83,2544,0,0.3994,0.3079,0.6310,0.7655
84,2544,0,0.4036,0.3083,0.6337,0.7613
85,2544,0,0.4082,0.3077,0.6353,0.7564
86,2544,0,0.4115,0.3076,0.6379,0.7519
87,2544,0,0.4137,0.3082,0.6402,0.7467
88,2544,0,0.4168,0.3083,0.6431,0.7401
89,2544,0,0.4206,0.3079,0.6450,0.7337
90,2544,0,0.4238,0.3077,0.6466,0.7268
91,2544,0,0.4252,0.3080,0.6483,0.7210
92,2544,0,0.4253,0.3075,0.6485,0.7194
93,2544,0,0.4254,0.3080,0.6488,0.7179
94,2544,0,0.4266,0.3076,0.6490,0.7169
95,2544,0,0.4277,0.3080,0.6488,0.7163
96,2544,0,0.4285,0.3080,0.6489,0.7157
97,2544,0,0.4290,0.3088,0.6480,0.7154
98,2544,0,0.4293,0.3090,0.6473,0.7149
99,2544,0,0.4293,0.3094,0.6456,0.7147
100,2544,0,0.4290,0.3097,0.6437,0.7145
101,2544,0,0.4285,0.3105,0.6418,0.7143
102,2544,0,0.4284,0.3093,0.6397,0.7140
103,2544,0,0.4285,0.3116,0.6390,0.7144
104,2544,0,0.4277,0.3131,0.6389,0.7147
105,2544,0,0.4271,0.3160,0.6375,0.7153
106,2544,0,0.4266,0.3179,0.6369,0.7165
107,2544,0,0.4267,0.3175,0.6343,0.7174
108,2544,0,0.4268,0.3177,0.6340,0.7166
109,2544,0,0.4269,0.3181,0.6313,0.7159
110,2544,0,0.4265,0.3175,0.6296,0.7126
111,2544,0,0.4256,0.3177,0.6276,0.7092
112,2544,0,0.4251,0.3174,0.6268,0.7064
113,2544,0,0.4244,0.3181,0.6250,0.7037
114,2544,0,0.4233,0.3185,0.6242,0.6981
115,2544,0,0.4234,0.3184,0.6234,0.6934
116,2544,0,0.4233,0.3183,0.6227,0.6905
117,2544,0,0.4235,0.3183,0.6226,0.6880
118,2544,0,0.4246,0.3183,0.6227,0.6869
119,2544,0,0.4255,0.3189,0.6230,0.6857
120,2544,0,0.4263,0.3197,0.6235,0.6850
121,2544,0,0.4275,0.3204,0.6239,0.6848
122,2544,0,0.4286,0.3204,0.6242,0.6845
123,2544,0,0.4292,0.3212,0.6254,0.6842
124,2544,0,0.4307,0.3222,0.6259,0.6832
125,2544,0,0.4318,0.3236,0.6268,0.6829
126,2544,0,0.4326,0.3243,0.6283,0.6827
127,2544,0,0.4332,0.3252,0.6290,0.6826
128,2544,0,0.4346,0.3261,0.6319,0.6828
129,2544,0,0.4364,0.3272,0.6329,0.6834
130,2544,0,0.4381,0.3279,0.6354,0.6848
131,2544,0,0.4397,0.3278,0.6367,0.6847
132,2544,0,0.4423,0.3275,0.6374,0.6834
133,2544,0,0.4452,0.3273,0.6385,0.6806
134,2544,0,0.4473,0.3272,0.6388,0.6780
135,2544,0,0.4482,0.3270,0.6394,0.6748
136,2544,0,0.4497,0.3271,0.6403,0.6716
137,2544,0,0.4517,0.3265,0.6409,0.6662
138,2544,0,0.4547,0.3264,0.6414,0.6623
139,2544,0,0.4592,0.3262,0.6414,0.6589
140,2544,0,0.4632,0.3269,0.6417,0.6557
141,2544,0,0.4674,0.3268,0.6414,0.6539
142,2544,0,0.4697,0.3270,0.6407,0.6518
143,2544,0,0.4725,0.3268,0.6399,0.6504
144,2544,0,0.4728,0.3268,0.6396,0.6499
145,2544,0,0.4732,0.3271,0.6394,0.6493
146,2544,0,0.4734,0.3277,0.6394,0.6495
147,2544,0,0.4727,0.3290,0.6391,0.6494
148,2544,0,0.4701,0.3298,0.6391,0.6489
149,2544,0,0.4632,0.3305,0.6389,0.6493
150,2544,0,0.4564,0.3310,0.6386,0.6470
151,2544,0,0.4470,0.3315,0.6387,0.6472
152,2544,0,0.4389,0.3321,0.6386,0.6486
153,2544,0,0.4333,0.3321,0.6381,0.6488
154,2544,0,0.4296,0.3330,0.6377,0.6506
155,2544,0,0.4252,0.3344,0.6363,0.6515
156,2544,0,0.4209,0.3346,0.6335,0.6514
157,2544,0,0.4157,0.3343,0.6315,0.6490
158,2544,0,0.4137,0.3330,0.6292,0.6415
159,2544,0,0.4139,0.3317,0.6271,0.6345
160,2544,0,0.4135,0.3317,0.6249,0.6378
161,2544,0,0.4189,0.3312,0.6239,0.6386
162,2544,0,0.4251,0.3316,0.6226,0.6377
163,2544,0,0.4290,0.3320,0.6203,0.6333
164,2544,0,0.4302,0.3325,0.6190,0.6314
165,2544,0,0.4310,0.3328,0.6225,0.6291
166,2544,0,0.4310,0.3339,0.6273,0.6279
167,2544,0,0.4304,0.3337,0.6313,0.6262
168,2544,0,0.4271,0.3332,0.6303,0.6245
169,2544,0,0.4228,0.3335,0.6282,0.6233
170,2544,0,0.4193,0.3352,0.6236,0.6226
171,2544,0,0.4141,0.3367,0.6205,0.6224
172,2544,0,0.4083,0.3413,0.6167,0.6223
173,2544,0,0.4031,0.3407,0.6084,0.6224
174,2544,0,0.3989,0.3404,0.5970,0.6225
175,2544,0,0.3934,0.3398,0.5897,0.6228
176,2544,0,0.3899,0.3397,0.5856,0.6232
177,2544,0,0.3880,0.3404,0.5823,0.6235
178,2544,0,0.3851,0.3418,0.5794,0.6235
179,2544,0,0.3818,0.3427,0.5770,0.6233
180,2544,0,0.3794,0.3438,0.5735,0.6238
181,2544,0,0.3784,0.3445,0.5702,0.6245
182,2544,0,0.3787,0.3445,0.5659,0.6244
183,2544,0,0.3794,0.3440,0.5626,0.6241
184,2544,0,0.3816,0.3436,0.5608,0.6236
185,2544,0,0.3834,0.3425,0.5601,0.6228
186,2544,0,0.3829,0.3419,0.5658,0.6228
187,2544,0,0.3860,0.3414,0.5675,0.6226
188,2544,0,0.3920,0.3404,0.5657,0.6218
189,2544,0,0.4002,0.3396,0.5637,0.6198
190,2544,0,0.4081,0.3400,0.5660,0.6186
191,2544,0,0.4157,0.3443,0.5639,0.6180
192,2544,0,0.4221,0.3411,0.5548,0.6185
193,2544,0,0.4258,0.3397,0.5490,0.6187
194,2544,0,0.4258,0.3397,0.5437,0.6179
195,2544,0,0.4263,0.3400,0.5439,0.6165
196,2544,0,0.4277,0.3402,0.5456,0.6158
197,2544,0,0.4298,0.3406,0.5482,0.6156
198,2544,0,0.4323,0.3406,0.5500,0.6163
199,2544,0,0.4338,0.3405,0.5506,0.6159
200,2544,0,0.4326,0.3407,0.5511,0.6161
201,2544,0,0.4301,0.3413,0.5516,0.6157
202,2544,0,0.4279,0.3412,0.5516,0.6152
203,2544,0,0.4230,0.3412,0.5522,0.6151
204,2544,0,0.4189,0.3416,0.5525,0.6149
205,2544,0,0.4152,0.3417,0.5523,0.6151
206,2544,0,0.4100,0.3416,0.5519,0.6157
207,2544,0,0.4059,0.3414,0.5513,0.6162
208,2544,0,0.4020,0.3412,0.5510,0.6163
209,2544,0,0.4004,0.3414,0.5507,0.6161
210,2544,0,0.3990,0.3407,0.5505,0.6155
211,2544,0,0.3983,0.3400,0.5506,0.6148
212,2544,0,0.3977,0.3396,0.5509,0.6146
213,2544,0,0.3987,0.3387,0.5517,0.6118
214,2544,0,0.3998,0.3382,0.5529,0.6113
215,2544,0,0.4006,0.3374,0.5536,0.6119
216,2544,0,0.4017,0.3374,0.5536,0.6128
217,2544,0,0.4035,0.3385,0.5541,0.6124
218,2544,0,0.4052,0.3391,0.5542,0.6116
219,2544,0,0.4061,0.3392,0.5541,0.6122
220,2544,0,0.4068,0.3396,0.5540,0.6136
221,2544,0,0.4061,0.3394,0.5538,0.6148
222,2544,0,0.4048,0.3393,0.5524,0.6172
223,2544,0,0.4021,0.3388,0.5518,0.6197
224,2544,0,0.3992,0.3389,0.5513,0.6235
225,2544,0,0.3954,0.3380,0.5507,0.6267
226,2544,0,0.3943,0.3384,0.5505,0.6296
227,2544,0,0.3935,0.3396,0.5498,0.6315
228,2544,0,0.3927,0.3399,0.5485,0.6332
229,2544,0,0.3898,0.3403,0.5456,0.6349
230,2544,0,0.3901,0.3409,0.5424,0.6364
231,2544,0,0.3915,0.3416,0.5388,0.6371
232,2544,0,0.3900,0.3418,0.5353,0.6367
233,2544,0,0.3871,0.3419,0.5320,0.6368
234,2544,0,0.3822,0.3404,0.5288,0.6372
235,2544,0,0.3784,0.3388,0.5272,0.6366
236,2544,0,0.3749,0.3374,0.5235,0.6347
237,2544,0,0.3697,0.3359,0.5194,0.6332
238,2544,0,0.3649,0.3364,0.5183,0.6341
239,2544,0,0.3616,0.3365,0.5182,0.6336
240,2544,0,0.3573,0.3358,0.5169,0.6338
241,2544,0,0.3546,0.3356,0.5135,0.6358
242,2544,0,0.3508,0.3363,0.5124,0.6360
243,2544,0,0.3471,0.3359,0.5117,0.6358
244,2544,0,0.3446,0.3357,0.5128,0.6361
245,2544,0,0.3425,0.3352,0.5130,0.6386
246,2544,0,0.3416,0.3353,0.5110,0.6400
247,2544,0,0.3412,0.3349,0.5090,0.6427
248,2544,0,0.3415,0.3345,0.5079,0.6447
249,2544,0,0.3421,0.3345,0.5063,0.6462
250,2544,0,0.3427,0.3343,0.5054,0.6473
251,2544,0,0.3436,0.3342,0.5060,0.6482
252,2544,0,0.3443,0.3343,0.5068,0.6481
253,2544,0,0.3447,0.3345,0.5077,0.6490
254,2544,0,0.3461,0.3341,0.5074,0.6508
255,2544,0,0.3466,0.3338,0.5073,0.6519
256,2544,0,0.3477,0.3345,0.5067,0.6526
257,2544,0,0.3493,0.3341,0.5056,0.6539
258,2544,0,0.3502,0.3328,0.5062,0.6549
259,2544,0,0.3504,0.3323,0.5068,0.6551
260,2544,0,0.3505,0.3318,0.5092,0.6555
261,2544,0,0.3512,0.3311,0.5108,0.6566
262,2544,0,0.3523,0.3295,0.5134,0.6564
263,2544,0,0.3513,0.3290,0.5155,0.6564
264,2544,0,0.3527,0.3285,0.5175,0.6566
265,2544,0,0.3544,0.3288,0.5188,0.6568
266,2544,0,0.3562,0.3282,0.5211,0.6571
267,2544,0,0.3578,0.3278,0.5239,0.6572
268,2544,0,0.3594,0.3270,0.5258,0.6568
269,2544,0,0.3607,0.3262,0.5287,0.6564
270,2544,0,0.3618,0.3253,0.5322,0.6565
271,2544,0,0.3626,0.3252,0.5351,0.6567
272,2544,0,0.3640,0.3255,0.5382,0.6585
273,2544,0,0.3649,0.3253,0.5400,0.6619
274,2544,0,0.3654,0.3251,0.5410,0.6665
275,2544,0,0.3659,0.3253,0.5411,0.6702
276,2544,0,0.3662,0.3251,0.5418,0.6740
277,2544,0,0.3657,0.3254,0.5424,0.6789
278,2544,0,0.3657,0.3258,0.5427,0.6818
279,2544,0,0.3643,0.3262,0.5424,0.6835
280,2544,0,0.3628,0.3261,0.5429,0.6861
281,2544,0,0.3621,0.3271,0.5418,0.6879
282,2544,0,0.3607,0.3270,0.5436,0.6905
283,2544,0,0.3593,0.3279,0.5424,0.6922
284,2544,0,0.3561,0.3276,0.5421,0.6946
285,2544,0,0.3542,0.3284,0.5400,0.6949
