# resolution: 1920,1080
frame,track_id,class,x1_norm,y1_norm,x2_norm,y2_norm
0,1243,0,0.4492,0.1916,0.5781,0.7884
1,1243,0,0.4545,0.1907,0.5780,0.7883
2,1243,0,0.4611,0.1899,0.5776,0.7843
3,1243,0,0.4681,0.1869,0.5780,0.7794
4,1243,0,0.4773,0.3898,0.5777,0.7758
5,1243,0,0.4876,0.2345,0.5760,0.7718
6,1243,0,0.4948,0.2022,0.5791,0.7720
7,1243,0,0.5005,0.1908,0.5844,0.7719
8,1243,0,0.5045,0.1705,0.5905,0.7761
9,1243,0,0.5080,0.1507,0.5965,0.7742
10,1243,0,0.5057,0.1223,0.6084,0.7743
11,1243,0,0.5059,0.1114,0.6250,0.7778
12,1243,0,0.5094,0.1128,0.6423,0.7754
13,1243,0,0.5168,0.1563,0.6558,0.7707
14,1243,0,0.5209,0.1761,0.6638,0.7687
15,1243,0,0.5251,0.1850,0.6737,0.7685
16,1243,0,0.5271,0.1896,0.6791,0.7702
17,1243,0,0.5273,0.1926,0.6816,0.7712
18,1243,0,0.5276,0.1935,0.6833,0.7720
19,1243,0,0.5285,0.1936,0.6840,0.7722
20,1243,0,0.5299,0.1929,0.6840,0.7736
21,1243,0,0.5318,0.1905,0.6836,0.7732
22,1243,0,0.5339,0.1889,0.6831,0.7730
23,1243,0,0.5391,0.1886,0.6823,0.7728
24,1243,0,0.5449,0.1870,0.6818,0.7720
25,1243,0,0.5526,0.1849,0.6819,0.7728
26,1243,0,0.5603,0.1843,0.6819,0.7727
27,1243,0,0.5715,0.1838,0.6824,0.7734
28,1243,0,0.5825,0.1834,0.6819,0.7749
29,1243,0,0.5909,0.1831,0.6847,0.7748
30,1243,0,0.5957,0.1825,0.6877,0.7740
31,1243,0,0.6001,0.1826,0.6939,0.7741
32,1243,0,0.6021,0.1828,0.6985,0.7735
33,1243,0,0.6048,0.1828,0.7019,0.7707
34,1243,0,0.6083,0.1823,0.7092,0.7695
35,1243,0,0.6123,0.1812,0.7230,0.7709
36,1243,0,0.6146,0.1819,0.7325,0.7719
37,1243,0,0.6185,0.1827,0.7392,0.7711
38,1243,0,0.6227,0.1831,0.7440,0.7699
39,1243,0,0.6251,0.1864,0.7461,0.7681
40,1243,0,0.6269,0.1871,0.7480,0.7674
41,1243,0,0.6285,0.1879,0.7488,0.7672
42,1243,0,0.6294,0.1876,0.7495,0.7679
43,1243,0,0.6316,0.1886,0.7490,0.7689
44,1243,0,0.6337,0.1869,0.7487,0.7704
45,1243,0,0.6350,0.1853,0.7489,0.7696
46,1243,0,0.6370,0.1818,0.7490,0.7656
47,1243,0,0.6443,0.1800,0.7492,0.7615
48,1243,0,0.6488,0.1820,0.7500,0.7590
49,1243,0,0.6491,0.1793,0.7525,0.7554
50,1243,0,0.6638,0.1782,0.7564,0.7541
51,1243,0,0.6719,0.1781,0.7613,0.7547
52,1243,0,0.6768,0.1768,0.7656,0.7541
53,1243,0,0.6804,0.1781,0.7701,0.7563
54,1243,0,0.6833,0.1790,0.7738,0.7571
55,1243,0,0.6859,0.1783,0.7752,0.7527
56,1243,0,0.6889,0.1799,0.7970,0.7549
57,1243,0,0.6914,0.1828,0.8119,0.7556
58,1243,0,0.6940,0.1830,0.8248,0.7549
59,1243,0,0.6964,0.1831,0.8347,0.7515
60,1243,0,0.6995,0.1828,0.8396,0.7506
61,1243,0,0.7016,0.1846,0.8424,0.7519
62,1243,0,0.7021,0.1884,0.8441,0.7521
63,1243,0,0.7020,0.1884,0.8451,0.7525
64,1243,0,0.7033,0.1878,0.8454,0.7507
65,1243,0,0.7045,0.1854,0.8432,0.7508
66,1243,0,0.7082,0.1831,0.8423,0.7508
67,1243,0,0.7102,0.1809,0.8405,0.7506
68,1243,0,0.7114,0.1797,0.8405,0.7497
69,1243,0,0.7145,0.1790,0.8412,0.7483
70,1243,0,0.7185,0.1772,0.8444,0.7476
71,1243,0,0.7246,0.1785,0.8470,0.7484
72,1243,0,0.7315,0.1779,0.8489,0.7490
73,1243,0,0.7410,0.1769,0.8517,0.7484
74,1243,0,0.7494,0.1764,0.8542,0.7474
75,1243,0,0.7596,0.1756,0.8568,0.7383
76,1243,0,0.7670,0.1761,0.8593,0.7447
77,1243,0,0.7716,0.1750,0.8622,0.7481
78,1243,0,0.7752,0.1743,0.8674,0.7498
79,1243,0,0.7778,0.1742,0.8723,0.7457
80,1243,0,0.7805,0.1739,0.8784,0.7445
81,1243,0,0.7826,0.1742,0.8930,0.7453
82,1243,0,0.7853,0.1743,0.9044,0.7453
83,1243,0,0.7874,0.1729,0.9173,0.7463
84,1243,0,0.7888,0.1741,0.9282,0.7468
85,1243,0,0.7900,0.1751,0.9359,0.7468
86,1243,0,0.7910,0.1745,0.9408,0.7467
87,1243,0,0.7922,0.1735,0.9414,0.7469
88,1243,0,0.7931,0.1740,0.9399,0.7482
89,1243,0,0.7941,0.1750,0.9365,0.7517
90,1243,0,0.7941,0.1752,0.9324,0.7538
91,1243,0,0.7941,0.1741,0.9308,0.7547
92,1243,0,0.7950,0.1722,0.9301,0.7549
93,1243,0,0.7967,0.1694,0.9295,0.7550
94,1243,0,0.7992,0.1674,0.9304,0.7548
95,1243,0,0.8020,0.1651,0.9339,0.7572
96,1243,0,0.8049,0.1639,0.9399,0.7571
97,1243,0,0.8090,0.1625,0.9496,0.7557
98,1243,0,0.8121,0.1612,0.9568,0.7557
99,1243,0,0.8146,0.1599,0.9632,0.7552
100,1243,0,0.8174,0.1594,0.9680,0.7542
101,1243,0,0.8215,0.1599,0.9742,0.7534
102,1243,0,0.8259,0.1599,0.9777,0.7534
103,1243,0,0.8293,0.1599,0.9791,0.7537
104,1243,0,0.8323,0.1598,0.9796,0.7544
105,1243,0,0.8353,0.1596,0.9792,0.7542
106,1243,0,0.8370,0.1592,0.9777,0.7550
107,1243,0,0.8342,0.1591,0.9738,0.7554
108,1243,0,0.8321,0.1590,0.9704,0.7552
109,1243,0,0.8285,0.1597,0.9657,0.7545
110,1243,0,0.8249,0.1598,0.9601,0.7541
111,1243,0,0.8219,0.1601,0.9536,0.7545
112,1243,0,0.8185,0.1608,0.9459,0.7550
113,1243,0,0.8159,0.1609,0.9384,0.7553
114,1243,0,0.8138,0.1620,0.9340,0.7550
115,1243,0,0.8116,0.1626,0.9315,0.7551
116,1243,0,0.8113,0.1621,0.9289,0.7557
117,1243,0,0.8107,0.1625,0.9271,0.7563
118,1243,0,0.8093,0.1627,0.9264,0.7571
119,1243,0,0.8085,0.1628,0.9266,0.7575
120,1243,0,0.8082,0.1634,0.9269,0.7577
121,1243,0,0.8082,0.1641,0.9272,0.7576
122,1243,0,0.8088,0.1661,0.9279,0.7569
123,1243,0,0.8082,0.1656,0.9284,0.7567
124,1243,0,0.8076,0.1666,0.9286,0.7568
125,1243,0,0.8060,0.1667,0.9292,0.7569
126,1243,0,0.8022,0.1652,0.9281,0.7584
127,1243,0,0.7985,0.1659,0.9239,0.7581
128,1243,0,0.7941,0.1667,0.9168,0.7580
129,1243,0,0.7904,0.1660,0.9099,0.7580
130,1243,0,0.7857,0.1667,0.9045,0.7585
131,1243,0,0.7807,0.1669,0.8969,0.7579
132,1243,0,0.7768,0.1677,0.8868,0.7590
133,1243,0,0.7735,0.1679,0.8786,0.7623
134,1243,0,0.7711,0.1682,0.8728,0.7662
135,1243,0,0.7686,0.1690,0.8687,0.7643
136,1243,0,0.7655,0.1699,0.8660,0.7672
137,1243,0,0.7623,0.1707,0.8635,0.7678
138,1243,0,0.7530,0.1711,0.8624,0.7685
139,1243,0,0.7450,0.1714,0.8619,0.7673
140,1243,0,0.7401,0.1726,0.8616,0.7675
141,1243,0,0.7372,0.1747,0.8621,0.7697
142,1243,0,0.7355,0.1753,0.8620,0.7742
143,1243,0,0.7350,0.1731,0.8605,0.7745
144,1243,0,0.7353,0.1706,0.8589,0.7753
145,1243,0,0.7357,0.1697,0.8574,0.7750
146,1243,0,0.7348,0.1690,0.8557,0.7742
147,1243,0,0.7346,0.1670,0.8499,0.7739
148,1243,0,0.7320,0.1681,0.8450,0.7729
149,1243,0,0.7295,0.1690,0.8389,0.7728
150,1243,0,0.7270,0.1680,0.8311,0.7744
151,1243,0,0.7246,0.1665,0.8180,0.7758
152,1243,0,0.7209,0.1659,0.8087,0.7784
153,1243,0,0.7179,0.1656,0.8026,0.7770
154,1243,0,0.7134,0.1659,0.7974,0.7769
155,1243,0,0.7101,0.1664,0.7936,0.7758
156,1243,0,0.7046,0.1669,0.7911,0.7753
157,1243,0,0.6920,0.1673,0.7896,0.7783
158,1243,0,0.6786,0.1674,0.7888,0.7773
159,1243,0,0.6655,0.1683,0.7890,0.7758
160,1243,0,0.6534,0.1698,0.7882,0.7746
161,1243,0,0.6434,0.1706,0.7881,0.7745
162,1243,0,0.6379,0.1719,0.7879,0.7734
163,1243,0,0.6341,0.1729,0.7878,0.7748
164,1243,0,0.6299,0.1744,0.7880,0.7751
165,1243,0,0.6275,0.1760,0.7876,0.7740
166,1243,0,0.6268,0.1773,0.7883,0.7752
167,1243,0,0.6270,0.1780,0.7877,0.7758
168,1243,0,0.6274,0.1792,0.7859,0.7759
169,1243,0,0.6287,0.1793,0.7845,0.7759
170,1243,0,0.6288,0.1792,0.7811,0.7764
171,1243,0,0.6289,0.1794,0.7765,0.7765
172,1243,0,0.6286,0.1794,0.7695,0.7751
173,1243,0,0.6278,0.1795,0.7624,0.7724
174,1243,0,0.6252,0.1791,0.7546,0.7705
175,1243,0,0.6222,0.1797,0.7436,0.7700
176,1243,0,0.6202,0.1791,0.7319,0.7717
177,1243,0,0.6183,0.1796,0.7184,0.7726
178,1243,0,0.6159,0.1791,0.7041,0.7741
179,1243,0,0.6118,0.1787,0.6945,0.7767
180,1243,0,0.6079,0.1790,0.6896,0.7777
181,1243,0,0.6012,0.1803,0.6859,0.7766
182,1243,0,0.5855,0.1810,0.6840,0.7789
183,1243,0,0.5692,0.1820,0.6835,0.7787
184,1243,0,0.5542,0.1834,0.6828,0.7793
185,1243,0,0.5444,0.1831,0.6827,0.7786
186,1243,0,0.5368,0.1849,0.6822,0.7780
187,1243,0,0.5323,0.1865,0.6821,0.7790
188,1243,0,0.5308,0.1874,0.6815,0.7799
189,1243,0,0.5293,0.1891,0.6815,0.7810
190,1243,0,0.5291,0.1890,0.6805,0.7798
191,1243,0,0.5294,0.1880,0.6786,0.7798
192,1243,0,0.5297,0.1878,0.6770,0.7799
193,1243,0,0.5306,0.1847,0.6713,0.7795
194,1243,0,0.5305,0.1839,0.6674,0.7799
195,1243,0,0.5296,0.1833,0.6621,0.7794
196,1243,0,0.5286,0.1775,0.6564,0.7795
197,1243,0,0.5278,0.1788,0.6488,0.7802
198,1243,0,0.5276,0.1791,0.6367,0.7815
199,1243,0,0.5238,0.1677,0.6210,0.7823
200,1243,0,0.5162,0.1719,0.6090,0.7849
201,1243,0,0.5094,0.1514,0.6020,0.7842
202,1243,0,0.5057,0.1271,0.5964,0.7813
203,1243,0,0.5033,0.1617,0.5920,0.7808
204,1243,0,0.4963,0.1773,0.5882,0.7815
205,1243,0,0.4839,0.1834,0.5867,0.7807
206,1243,0,0.4698,0.1863,0.5859,0.7801
207,1243,0,0.4570,0.1892,0.5854,0.7792
208,1243,0,0.4489,0.1928,0.5859,0.7796
209,1243,0,0.4427,0.1934,0.5859,0.7774
210,1243,0,0.4401,0.1967,0.5857,0.7778
211,1243,0,0.4382,0.1992,0.5853,0.7775
212,1243,0,0.4370,0.2012,0.5852,0.7774
213,1243,0,0.4368,0.2012,0.5839,0.7784
214,1243,0,0.4366,0.2007,0.5811,0.7806
215,1243,0,0.4366,0.2005,0.5773,0.7816
216,1243,0,0.4377,0.2000,0.5714,0.7824
217,1243,0,0.4384,0.1987,0.5641,0.7800
218,1243,0,0.4380,0.1985,0.5562,0.7760
219,1243,0,0.4363,0.1987,0.5454,0.7720
220,1243,0,0.4347,0.1977,0.5345,0.7733
221,1243,0,0.4313,0.1972,0.5226,0.7738
222,1243,0,0.4280,0.1989,0.5109,0.7753
223,1243,0,0.4247,0.1988,0.5028,0.7783
224,1243,0,0.4211,0.1977,0.4989,0.7801
225,1243,0,0.4141,0.1982,0.4961,0.7796
226,1243,0,0.4024,0.1994,0.4926,0.7761
227,1243,0,0.3879,0.1984,0.4905,0.7786
228,1243,0,0.3731,0.1969,0.4890,0.7801
229,1243,0,0.3628,0.1964,0.4885,0.7793
230,1243,0,0.3557,0.1971,0.4885,0.7782
231,1243,0,0.3521,0.1998,0.4883,0.7777
232,1243,0,0.3513,0.2040,0.4888,0.7777
233,1243,0,0.3502,0.2012,0.4888,0.7789
234,1243,0,0.3504,0.2035,0.4892,0.7803
235,1243,0,0.3511,0.2041,0.4888,0.7828
236,1243,0,0.3516,0.2052,0.4881,0.7822
237,1243,0,0.3517,0.2032,0.4850,0.7818
238,1243,0,0.3509,0.2032,0.4810,0.7828
239,1243,0,0.3505,0.2014,0.4764,0.7837
240,1243,0,0.3497,0.2036,0.4692,0.7840
241,1243,0,0.3484,0.2051,0.4614,0.7845
242,1243,0,0.3456,0.2073,0.4543,0.7833
243,1243,0,0.3431,0.2077,0.4447,0.7827
244,1243,0,0.3407,0.2068,0.4331,0.7824
245,1243,0,0.3368,0.2050,0.4246,0.7820
246,1243,0,0.3330,0.2053,0.4207,0.7817
247,1243,0,0.3291,0.2070,0.4161,0.7808
248,1243,0,0.3255,0.2085,0.4125,0.7798
249,1243,0,0.3169,0.2100,0.4101,0.7807
250,1243,0,0.3041,0.2093,0.4079,0.7811
251,1243,0,0.2928,0.2107,0.4064,0.7807
252,1243,0,0.2813,0.2115,0.4047,0.7808
253,1243,0,0.2738,0.2155,0.4037,0.7815
254,1243,0,0.2693,0.2195,0.4035,0.7814
255,1243,0,0.2661,0.2217,0.4037,0.7809
256,1243,0,0.2647,0.2225,0.4040,0.7807
257,1243,0,0.2641,0.2201,0.4036,0.7811
258,1243,0,0.2642,0.2199,0.4022,0.7824
259,1243,0,0.2649,0.2204,0.3997,0.7835
260,1243,0,0.2651,0.2215,0.3966,0.7841
261,1243,0,0.2648,0.2216,0.3918,0.7842
262,1243,0,0.2633,0.2198,0.3861,0.7834
263,1243,0,0.2627,0.2159,0.3803,0.7825
264,1243,0,0.2601,0.2178,0.3715,0.7802
265,1243,0,0.2567,0.2186,0.3612,0.7792
266,1243,0,0.2520,0.2214,0.3500,0.7760
267,1243,0,0.2485,0.2202,0.3399,0.7770
268,1243,0,0.2435,0.2206,0.3338,0.7821
269,1243,0,0.2395,0.2201,0.3305,0.7844
270,1243,0,0.2358,0.2197,0.3274,0.7837
271,1243,0,0.2261,0.2228,0.3250,0.7837
272,1243,0,0.2144,0.2242,0.3214,0.7853
273,1243,0,0.2017,0.2243,0.3188,0.7835
274,1243,0,0.1920,0.2243,0.3171,0.7823
275,1243,0,0.1828,0.2235,0.3165,0.7831
276,1243,0,0.1796,0.2226,0.3154,0.7850
277,1243,0,0.1792,0.2227,0.3151,0.7871
278,1243,0,0.1789,0.2245,0.3161,0.7877
279,1243,0,0.1790,0.2252,0.3158,0.7873
280,1243,0,0.1781,0.2249,0.3153,0.7906
281,1243,0,0.1779,0.2240,0.3139,0.7928
282,1243,0,0.1783,0.2223,0.3095,0.7935
283,1243,0,0.1784,0.2205,0.3064,0.7937
284,1243,0,0.1771,0.2196,0.3023,0.7934
285,1243,0,0.1754,0.2197,0.2959,0.7929
286,1243,0,0.1721,0.2169,0.2877,0.7915
287,1243,0,0.1711,0.2172,0.2798,0.7910
288,1243,0,0.1679,0.2180,0.2691,0.7889
289,1243,0,0.1639,0.2167,0.2603,0.7921
290,1243,0,0.1609,0.2157,0.2535,0.7939
291,1243,0,0.1592,0.2166,0.2486,0.7914
292,1243,0,0.1569,0.2174,0.2449,0.7854
293,1243,0,0.1459,0.2193,0.2416,0.7882
294,1243,0,0.1310,0.2198,0.2388,0.7900
295,1243,0,0.1179,0.2205,0.2364,0.7892
296,1243,0,0.1109,0.2210,0.2347,0.7886
297,1243,0,0.0990,0.2213,0.2335,0.7888
298,1243,0,0.0914,0.2223,0.2332,0.7881
299,1243,0,0.0816,0.2230,0.2327,0.7897
300,1243,0,0.0761,0.2216,0.2326,0.7925
301,1243,0,0.0764,0.2212,0.2328,0.7952
302,1243,0,0.0770,0.2225,0.2328,0.8004
303,1243,0,0.0796,0.2227,0.2328,0.8080
304,1243,0,0.0810,0.2229,0.2328,0.8137
305,1243,0,0.0817,0.2223,0.2324,0.8169
306,1243,0,0.0822,0.2214,0.2324,0.8166
307,1243,0,0.0817,0.2178,0.2306,0.8175
308,1243,0,0.0817,0.2153,0.2283,0.8175
309,1243,0,0.0818,0.2135,0.2242,0.8196
310,1243,0,0.0813,0.2132,0.2202,0.8200
311,1243,0,0.0789,0.2124,0.2144,0.8208
312,1243,0,0.0749,0.2121,0.2078,0.8204
313,1243,0,0.0711,0.2114,0.2032,0.8198
314,1243,0,0.0668,0.2106,0.1976,0.8202
315,1243,0,0.0629,0.2100,0.1942,0.8202
316,1243,0,0.0594,0.2101,0.1932,0.8197
317,1243,0,0.0564,0.2097,0.1936,0.8199
318,1243,0,0.0543,0.2096,0.1953,0.8198
319,1243,0,0.0530,0.2099,0.1974,0.8193
320,1243,0,0.0525,0.2099,0.1992,0.8196
321,1243,0,0.0526,0.2095,0.2008,0.8195
322,1243,0,0.0530,0.2096,0.2029,0.8195
323,1243,0,0.0544,0.2095,0.2045,0.8199
324,1243,0,0.0559,0.2100,0.2053,0.8199
325,1243,0,0.0582,0.2099,0.2056,0.8201
326,1243,0,0.0607,0.2092,0.2052,0.8203
327,1243,0,0.0633,0.2097,0.2050,0.8202
328,1243,0,0.0672,0.2107,0.2055,0.8203
329,1243,0,0.0706,0.2113,0.2048,0.8205
330,1243,0,0.0741,0.2109,0.2038,0.8202
331,1243,0,0.0772,0.2101,0.2032,0.8206
