# resolution: 1080,1920
frame,track_id,class,x1_norm,y1_norm,x2_norm,y2_norm
0,1925,0,0.3400,0.2106,0.4851,0.4880
1,1925,0,0.3387,0.2110,0.4871,0.4869
2,1925,0,0.3386,0.2114,0.4866,0.4870
3,1925,0,0.3392,0.2113,0.4902,0.4856
4,1925,0,0.3390,0.2113,0.4774,0.4848
5,1925,0,0.3393,0.2109,0.4712,0.4824
6,1925,0,0.3404,0.2117,0.4701,0.4813
7,1925,0,0.3412,0.2119,0.4719,0.4812
8,1925,0,0.3426,0.2128,0.4719,0.4817
9,1925,0,0.3425,0.2129,0.4739,0.4833
10,1925,0,0.3421,0.2129,0.4757,0.4855
11,1925,0,0.3385,0.2128,0.4724,0.4867
12,1925,0,0.3352,0.2128,0.4718,0.4880
13,1925,0,0.3331,0.2127,0.4715,0.4892
14,1925,0,0.3320,0.2126,0.4711,0.4905
15,1925,0,0.3304,0.2125,0.4723,0.4917
16,1925,0,0.3279,0.2124,0.4753,0.4925
17,1925,0,0.3272,0.2124,0.4760,0.4924
18,1925,0,0.3287,0.2124,0.4761,0.4930
19,1925,0,0.3278,0.2123,0.4779,0.4923
20,1925,0,0.3285,0.2122,0.4783,0.4931
21,1925,0,0.3302,0.2123,0.4802,0.4947
22,1925,0,0.3306,0.2121,0.4846,0.4960
23,1925,0,0.3315,0.2123,0.4867,0.4959
24,1925,0,0.3330,0.2129,0.4891,0.4976
25,1925,0,0.3346,0.2134,0.4896,0.4994
26,1925,0,0.3372,0.2137,0.4928,0.5003
27,1925,0,0.3407,0.2139,0.4936,0.5009
28,1925,0,0.3423,0.2136,0.4933,0.5008
29,1925,0,0.3427,0.2132,0.4947,0.5010
30,1925,0,0.3434,0.2131,0.4974,0.5008
31,1925,0,0.3449,0.2129,0.5001,0.5012
32,1925,0,0.3468,0.2129,0.5022,0.5013
33,1925,0,0.3472,0.2119,0.5038,0.4995
34,1925,0,0.3486,0.2120,0.5070,0.5006
35,1925,0,0.3496,0.2116,0.5090,0.5009
36,1925,0,0.3496,0.2105,0.5118,0.5001
37,1925,0,0.3498,0.2099,0.5136,0.5007
38,1925,0,0.3502,0.2098,0.5162,0.5019
39,1925,0,0.3514,0.2093,0.5190,0.5024
40,1925,0,0.3520,0.2091,0.5193,0.5052
41,1925,0,0.3537,0.2090,0.5191,0.5073
42,1925,0,0.3538,0.2091,0.5194,0.5104
43,1925,0,0.3534,0.2093,0.5191,0.5106
44,1925,0,0.3526,0.2093,0.5189,0.5122
45,1925,0,0.3518,0.2097,0.5184,0.5138
46,1925,0,0.3504,0.2100,0.5173,0.5173
47,1925,0,0.3485,0.2101,0.5161,0.5203
48,1925,0,0.3473,0.2098,0.5150,0.5210
49,1925,0,0.3458,0.2090,0.5141,0.5215
50,1925,0,0.3448,0.2080,0.5135,0.5216
51,1925,0,0.3444,0.2063,0.5128,0.5213
52,1925,0,0.3444,0.2040,0.5128,0.5210
53,1925,0,0.3422,0.2028,0.5119,0.5209
54,1925,0,0.3378,0.2017,0.5128,0.5205
55,1925,0,0.3342,0.2008,0.5126,0.5199
56,1925,0,0.3319,0.2002,0.5128,0.5195
57,1925,0,0.3302,0.1998,0.5129,0.5195
58,1925,0,0.3305,0.1988,0.5129,0.5196
59,1925,0,0.3312,0.1985,0.5139,0.5197
60,1925,0,0.3309,0.1981,0.5147,0.5204
61,1925,0,0.3304,0.1981,0.5154,0.5239
62,1925,0,0.3313,0.1983,0.5154,0.5283
63,1925,0,0.3308,0.1986,0.5147,0.5328
64,1925,0,0.3298,0.1987,0.5138,0.5361
65,1925,0,0.3310,0.1990,0.5143,0.5371
66,1925,0,0.3341,0.1999,0.5151,0.5390
67,1925,0,0.3373,0.2005,0.5166,0.5422
68,1925,0,0.3354,0.2006,0.5199,0.5444
69,1925,0,0.3348,0.1997,0.5230,0.5477
70,1925,0,0.3335,0.1988,0.5256,0.5489
71,1925,0,0.3336,0.1973,0.5284,0.5493
72,1925,0,0.3339,0.1958,0.5318,0.5493
73,1925,0,0.3335,0.1939,0.5337,0.5488
74,1925,0,0.3320,0.1925,0.5370,0.5490
75,1925,0,0.3309,0.1913,0.5387,0.5490
76,1925,0,0.3315,0.1906,0.5394,0.5487
77,1925,0,0.3341,0.1891,0.5406,0.5491
78,1925,0,0.3358,0.1881,0.5407,0.5482
79,1925,0,0.3403,0.1876,0.5408,0.5473
80,1925,0,0.3393,0.1864,0.5408,0.5491
81,1925,0,0.3386,0.1856,0.5410,0.5535
82,1925,0,0.3376,0.1851,0.5417,0.5588
83,1925,0,0.3406,0.1849,0.5425,0.5607
84,1925,0,0.3397,0.1851,0.5430,0.5625
85,1925,0,0.3384,0.1855,0.5432,0.5640
86,1925,0,0.3371,0.1860,0.5430,0.5694
87,1925,0,0.3303,0.1866,0.5431,0.5751
88,1925,0,0.3301,0.1863,0.5428,0.5788
89,1925,0,0.3250,0.1858,0.5416,0.5815
90,1925,0,0.3221,0.1835,0.5407,0.5830
91,1925,0,0.3195,0.1817,0.5395,0.5837
92,1925,0,0.3206,0.1801,0.5386,0.5840
93,1925,0,0.3150,0.1786,0.5385,0.5845
94,1925,0,0.3139,0.1772,0.5386,0.5848
95,1925,0,0.3306,0.1765,0.5393,0.5848
96,1925,0,0.3364,0.1757,0.5394,0.5845
97,1925,0,0.3364,0.1757,0.5390,0.5838
98,1925,0,0.3317,0.1744,0.5391,0.5837
99,1925,0,0.3297,0.1737,0.5386,0.5834
100,1925,0,0.3203,0.1725,0.5379,0.5841
101,1925,0,0.3147,0.1716,0.5378,0.5879
102,1925,0,0.3157,0.1716,0.5377,0.5964
103,1925,0,0.3132,0.1705,0.5379,0.6044
104,1925,0,0.3082,0.1704,0.5383,0.6067
105,1925,0,0.3164,0.1702,0.5393,0.6103
106,1925,0,0.3195,0.1706,0.5408,0.6140
107,1925,0,0.3110,0.1713,0.5451,0.6138
108,1925,0,0.3044,0.1711,0.5477,0.6200
109,1925,0,0.2987,0.1703,0.5510,0.6243
110,1925,0,0.2940,0.1687,0.5546,0.6266
111,1925,0,0.2903,0.1663,0.5574,0.6279
112,1925,0,0.2909,0.1637,0.5607,0.6283
113,1925,0,0.2987,0.1623,0.5638,0.6282
114,1925,0,0.3062,0.1613,0.5695,0.6283
115,1925,0,0.3067,0.1598,0.5735,0.6283
116,1925,0,0.2966,0.1588,0.5766,0.6282
117,1925,0,0.2906,0.1568,0.5770,0.6284
118,1925,0,0.2945,0.1553,0.5771,0.6284
119,1925,0,0.2991,0.1535,0.5770,0.6274
120,1925,0,0.3012,0.1519,0.5771,0.6311
121,1925,0,0.2969,0.1504,0.5771,0.6408
122,1925,0,0.3010,0.1500,0.5772,0.6472
123,1925,0,0.2990,0.1491,0.5763,0.6522
124,1925,0,0.3008,0.1490,0.5760,0.6572
125,1925,0,0.2991,0.1500,0.5743,0.6621
126,1925,0,0.2896,0.1496,0.5734,0.6685
127,1925,0,0.2856,0.1488,0.5726,0.6738
128,1925,0,0.2833,0.1476,0.5687,0.6793
129,1925,0,0.2745,0.1450,0.5659,0.6834
130,1925,0,0.2677,0.1426,0.5638,0.6848
131,1925,0,0.2639,0.1407,0.5613,0.6850
132,1925,0,0.2640,0.1365,0.5593,0.6841
133,1925,0,0.2551,0.1343,0.5585,0.6845
134,1925,0,0.2507,0.1326,0.5561,0.6844
135,1925,0,0.2453,0.1312,0.5549,0.6842
136,1925,0,0.2439,0.1296,0.5527,0.6844
137,1925,0,0.2408,0.1283,0.5508,0.6843
138,1925,0,0.2383,0.1275,0.5491,0.6835
139,1925,0,0.2282,0.1268,0.5477,0.6835
140,1925,0,0.2220,0.1259,0.5447,0.6820
141,1925,0,0.2140,0.1243,0.5406,0.6857
142,1925,0,0.2100,0.1223,0.5373,0.6938
143,1925,0,0.2100,0.1224,0.5354,0.7045
144,1925,0,0.2118,0.1215,0.5331,0.7142
145,1925,0,0.2205,0.1206,0.5312,0.7204
146,1925,0,0.2250,0.1181,0.5304,0.7249
147,1925,0,0.2252,0.1165,0.5302,0.7276
148,1925,0,0.2226,0.1190,0.5275,0.7303
149,1925,0,0.2278,0.1144,0.5249,0.7297
150,1925,0,0.2296,0.1145,0.5204,0.7307
151,1925,0,0.2272,0.1105,0.5152,0.7294
152,1925,0,0.2255,0.1075,0.5043,0.7298
153,1925,0,0.2189,0.1041,0.4963,0.7298
154,1925,0,0.2070,0.1026,0.4878,0.7315
155,1925,0,0.2020,0.1040,0.4832,0.7312
156,1925,0,0.1995,0.1040,0.4822,0.7310
157,1925,0,0.2029,0.1032,0.4824,0.7308
158,1925,0,0.2200,0.1009,0.4843,0.7297
159,1925,0,0.2243,0.0995,0.4851,0.7294
160,1925,0,0.2175,0.0989,0.4869,0.7292
161,1925,0,0.2126,0.0992,0.4929,0.7293
162,1925,0,0.2042,0.0999,0.5006,0.7295
163,1925,0,0.2065,0.0981,0.5087,0.7297
164,1925,0,0.2123,0.0977,0.5163,0.7300
165,1925,0,0.2153,0.0983,0.5207,0.7295
166,1925,0,0.2079,0.0940,0.5200,0.7292
167,1925,0,0.1945,0.0930,0.5244,0.7297
168,1925,0,0.1842,0.0905,0.5280,0.7283
169,1925,0,0.1729,0.0899,0.5312,0.7294
170,1925,0,0.1646,0.0896,0.5404,0.7338
171,1925,0,0.1565,0.0968,0.5367,0.7399
172,1925,0,0.1499,0.0960,0.5286,0.7454
173,1925,0,0.1459,0.1461,0.5274,0.7504
174,1925,0,0.1423,0.1787,0.5351,0.7527
175,1925,0,0.1434,0.1269,0.5411,0.7537
176,1925,0,0.1421,0.1094,0.5461,0.7549
177,1925,0,0.1402,0.1037,0.5475,0.7556
178,1925,0,0.1386,0.1015,0.5403,0.7558
179,1925,0,0.1379,0.1015,0.5289,0.7563
180,1925,0,0.1374,0.1023,0.5120,0.7566
181,1925,0,0.1381,0.1044,0.5003,0.7557
182,1925,0,0.1407,0.1031,0.4950,0.7551
183,1925,0,0.1421,0.1018,0.4956,0.7544
184,1925,0,0.1440,0.1029,0.4977,0.7530
185,1925,0,0.1475,0.1044,0.5008,0.7528
186,1925,0,0.1500,0.1039,0.4989,0.7522
187,1925,0,0.1546,0.1054,0.4803,0.7511
188,1925,0,0.1581,0.1094,0.4990,0.7488
189,1925,0,0.1658,0.1088,0.5115,0.7476
190,1925,0,0.1726,0.1131,0.5150,0.7476
191,1925,0,0.1773,0.1163,0.5195,0.7505
192,1925,0,0.1778,0.1192,0.5236,0.7498
193,1925,0,0.1754,0.1203,0.5310,0.7496
194,1925,0,0.1721,0.1209,0.5376,0.7465
195,1925,0,0.1738,0.1204,0.5445,0.7343
196,1925,0,0.1797,0.1201,0.5493,0.7213
197,1925,0,0.1877,0.1194,0.5531,0.7100
198,1925,0,0.1980,0.1193,0.5555,0.6983
199,1925,0,0.2068,0.1200,0.5575,0.6922
200,1925,0,0.2138,0.1193,0.5587,0.6888
201,1925,0,0.2190,0.1195,0.5579,0.6870
202,1925,0,0.2255,0.1212,0.5592,0.6849
203,1925,0,0.2316,0.1221,0.5596,0.6838
204,1925,0,0.2352,0.1227,0.5577,0.6818
205,1925,0,0.2376,0.1245,0.5562,0.6797
206,1925,0,0.2400,0.1261,0.5540,0.6781
207,1925,0,0.2414,0.1274,0.5514,0.6772
208,1925,0,0.2431,0.1295,0.5492,0.6781
209,1925,0,0.2454,0.1325,0.5443,0.6786
210,1925,0,0.2466,0.1341,0.5433,0.6775
211,1925,0,0.2481,0.1374,0.5435,0.6782
212,1925,0,0.2490,0.1408,0.5439,0.6783
213,1925,0,0.2500,0.1436,0.5492,0.6769
214,1925,0,0.2501,0.1464,0.5362,0.6724
215,1925,0,0.2502,0.1479,0.5337,0.6702
216,1925,0,0.2498,0.1480,0.5340,0.6664
217,1925,0,0.2505,0.1488,0.5318,0.6654
218,1925,0,0.2507,0.1491,0.5327,0.6603
219,1925,0,0.2505,0.1484,0.5353,0.6537
220,1925,0,0.2480,0.1491,0.5363,0.6457
221,1925,0,0.2457,0.1489,0.5377,0.6383
222,1925,0,0.2597,0.1485,0.5342,0.6321
223,1925,0,0.2434,0.1500,0.5318,0.6272
224,1925,0,0.2303,0.1511,0.5265,0.6215
225,1925,0,0.2237,0.1522,0.5216,0.6230
226,1925,0,0.2243,0.1527,0.5197,0.6243
227,1925,0,0.2279,0.1538,0.5149,0.6232
228,1925,0,0.2326,0.1553,0.5124,0.6231
229,1925,0,0.2412,0.1581,0.5131,0.6222
230,1925,0,0.2461,0.1610,0.5117,0.6220
231,1925,0,0.2505,0.1636,0.5129,0.6219
232,1925,0,0.2550,0.1665,0.5181,0.6203
233,1925,0,0.2603,0.1682,0.5303,0.6186
234,1925,0,0.2641,0.1690,0.5287,0.6157
235,1925,0,0.2679,0.1695,0.5244,0.6113
236,1925,0,0.2696,0.1692,0.5257,0.6095
237,1925,0,0.2712,0.1693,0.5202,0.6075
238,1925,0,0.2719,0.1691,0.5218,0.6045
239,1925,0,0.2719,0.1695,0.5214,0.5981
240,1925,0,0.2721,0.1699,0.5224,0.5889
241,1925,0,0.2731,0.1701,0.5214,0.5842
242,1925,0,0.2728,0.1708,0.5192,0.5823
243,1925,0,0.2735,0.1716,0.5177,0.5810
244,1925,0,0.2762,0.1724,0.5156,0.5798
245,1925,0,0.2784,0.1743,0.5128,0.5799
246,1925,0,0.2782,0.1758,0.5111,0.5786
247,1925,0,0.2717,0.1779,0.5057,0.5783
248,1925,0,0.2675,0.1793,0.5039,0.5783
249,1925,0,0.2678,0.1819,0.5043,0.5783
250,1925,0,0.2664,0.1843,0.5045,0.5778
251,1925,0,0.2634,0.1862,0.5075,0.5776
252,1925,0,0.2603,0.1883,0.5097,0.5770
253,1925,0,0.2591,0.1889,0.5091,0.5748
254,1925,0,0.2581,0.1889,0.5093,0.5719
255,1925,0,0.2570,0.1895,0.4991,0.5694
256,1925,0,0.2530,0.1893,0.4970,0.5658
257,1925,0,0.2451,0.1890,0.4919,0.5635
258,1925,0,0.2366,0.1900,0.4871,0.5582
259,1925,0,0.2334,0.1914,0.4837,0.5524
260,1925,0,0.2389,0.1918,0.4836,0.5472
261,1925,0,0.2335,0.1934,0.4841,0.5438
262,1925,0,0.2351,0.1948,0.4808,0.5427
263,1925,0,0.2355,0.1959,0.5029,0.5429
264,1925,0,0.2381,0.1968,0.5094,0.5440
265,1925,0,0.2441,0.1975,0.5006,0.5438
266,1925,0,0.2500,0.1985,0.4918,0.5439
267,1925,0,0.2560,0.1996,0.4865,0.5445
268,1925,0,0.2622,0.2005,0.4823,0.5440
269,1925,0,0.2664,0.2018,0.4801,0.5441
270,1925,0,0.2695,0.2033,0.4789,0.5439
271,1925,0,0.2715,0.2050,0.4802,0.5435
272,1925,0,0.2723,0.2062,0.4803,0.5419
273,1925,0,0.2756,0.2067,0.4809,0.5409
274,1925,0,0.2798,0.2066,0.4827,0.5397
275,1925,0,0.2846,0.2054,0.4862,0.5380
276,1925,0,0.2888,0.2050,0.4896,0.5376
277,1925,0,0.2922,0.2047,0.4929,0.5361
278,1925,0,0.2930,0.2046,0.4962,0.5298
279,1925,0,0.2945,0.2052,0.4984,0.5259
280,1925,0,0.2953,0.2057,0.4996,0.5237
281,1925,0,0.2959,0.2066,0.4985,0.5207
282,1925,0,0.2983,0.2072,0.4950,0.5194
283,1925,0,0.2999,0.2073,0.4905,0.5187
284,1925,0,0.3015,0.2083,0.4858,0.5181
285,1925,0,0.3014,0.2084,0.4863,0.5182
286,1925,0,0.3018,0.2088,0.4863,0.5183
287,1925,0,0.3028,0.2096,0.4873,0.5186
288,1925,0,0.3054,0.2107,0.4874,0.5185
289,1925,0,0.3065,0.2116,0.4928,0.5186
290,1925,0,0.3064,0.2133,0.4989,0.5189
291,1925,0,0.3046,0.2136,0.5005,0.5186
292,1925,0,0.3028,0.2138,0.4948,0.5176
293,1925,0,0.3010,0.2135,0.4898,0.5147
294,1925,0,0.2977,0.2137,0.4873,0.5138
295,1925,0,0.2958,0.2120,0.4895,0.5118
296,1925,0,0.2962,0.2117,0.4896,0.5098
297,1925,0,0.2982,0.2116,0.4885,0.5076
298,1925,0,0.3012,0.2114,0.4932,0.5047
299,1925,0,0.3029,0.2119,0.4959,0.5021
300,1925,0,0.3055,0.2120,0.4961,0.5017
301,1925,0,0.3063,0.2108,0.4893,0.5002
