# resolution: 1080,1920
frame,track_id,class,x1_norm,y1_norm,x2_norm,y2_norm
0,2412,0,0.0464,0.1782,0.4809,0.7461
1,2412,0,0.0432,0.1732,0.4804,0.7479
2,2412,0,0.0433,0.1731,0.4762,0.7489
3,2412,0,0.0443,0.1720,0.4850,0.7496
4,2412,0,0.0446,0.1718,0.4880,0.7497
5,2412,0,0.0626,0.1689,0.4879,0.7503
6,2412,0,0.0856,0.1688,0.4909,0.7500
7,2412,0,0.1178,0.1707,0.4879,0.7508
8,2412,0,0.1525,0.1717,0.4902,0.7509
9,2412,0,0.1855,0.1728,0.4882,0.7490
10,2412,0,0.2159,0.1728,0.4900,0.7497
11,2412,0,0.2523,0.1727,0.5046,0.7519
12,2412,0,0.2831,0.1732,0.5262,0.7544
13,2412,0,0.3077,0.1729,0.5466,0.7553
14,2412,0,0.3274,0.1731,0.5630,0.7536
15,2412,0,0.3371,0.1740,0.5848,0.7508
16,2412,0,0.3454,0.1753,0.6212,0.7481
17,2412,0,0.3483,0.1779,0.6719,0.7475
18,2412,0,0.3480,0.1798,0.7183,0.7505
19,2412,0,0.3483,0.1820,0.7587,0.7492
20,2412,0,0.3467,0.1839,0.7719,0.7497
21,2412,0,0.3463,0.1870,0.7884,0.7490
22,2412,0,0.3459,0.1892,0.7930,0.7491
23,2412,0,0.3465,0.1892,0.8006,0.7482
24,2412,0,0.3514,0.1895,0.8042,0.7469
25,2412,0,0.3575,0.1875,0.8017,0.7476
26,2412,0,0.3785,0.1844,0.8039,0.7481
27,2412,0,0.4083,0.1838,0.8009,0.7479
28,2412,0,0.4453,0.1849,0.7965,0.7438
29,2412,0,0.4826,0.1856,0.7975,0.7414
30,2412,0,0.5169,0.1850,0.8095,0.7406
31,2412,0,0.5556,0.1842,0.8330,0.7393
32,2412,0,0.5950,0.1853,0.8565,0.7400
33,2412,0,0.6279,0.1850,0.8820,0.7436
34,2412,0,0.6450,0.1849,0.9037,0.7445
35,2412,0,0.6560,0.1846,0.9143,0.7438
36,2412,0,0.6594,0.1837,0.9498,0.7448
37,2412,0,0.6901,0.1860,0.9650,0.7636
38,2412,0,0.6793,0.1844,0.9433,0.7696
39,2412,0,0.6654,0.1847,0.9109,0.7722
40,2412,0,0.6404,0.1863,0.8861,0.7738
41,2412,0,0.6168,0.1881,0.8679,0.7741
42,2412,0,0.5837,0.1927,0.8542,0.7740
43,2412,0,0.5392,0.1948,0.8492,0.7738
44,2412,0,0.4768,0.1938,0.8465,0.7742
45,2412,0,0.4704,0.1949,0.8450,0.7742
46,2412,0,0.4137,0.1978,0.8438,0.7748
47,2412,0,0.3850,0.2012,0.8437,0.7746
48,2412,0,0.3689,0.2026,0.8426,0.7722
49,2412,0,0.3606,0.2024,0.8408,0.7713
50,2412,0,0.3561,0.2032,0.8404,0.7716
51,2412,0,0.3544,0.2035,0.8300,0.7723
52,2412,0,0.3560,0.2044,0.8151,0.7688
53,2412,0,0.3552,0.2022,0.7865,0.7664
54,2412,0,0.3564,0.1994,0.7600,0.7621
55,2412,0,0.3578,0.1993,0.7276,0.7584
56,2412,0,0.3583,0.1990,0.6902,0.7558
57,2412,0,0.3555,0.2001,0.6478,0.7543
58,2412,0,0.3384,0.2000,0.5990,0.7537
59,2412,0,0.3173,0.2003,0.5586,0.7511
60,2412,0,0.2929,0.1999,0.5342,0.7518
61,2412,0,0.2696,0.1996,0.5163,0.7511
62,2412,0,0.2462,0.2000,0.5008,0.7478
63,2412,0,0.1848,0.1975,0.4906,0.7482
64,2412,0,0.1315,0.1974,0.4882,0.7460
65,2412,0,0.0904,0.2003,0.4898,0.7447
66,2412,0,0.0635,0.2025,0.4910,0.7436
67,2412,0,0.0462,0.2050,0.4917,0.7444
68,2412,0,0.0380,0.2060,0.4916,0.7455
69,2412,0,0.0346,0.2040,0.4936,0.7470
70,2412,0,0.0321,0.2033,0.4934,0.7490
71,2412,0,0.0300,0.2016,0.4909,0.7496
72,2412,0,0.0294,0.2008,0.4857,0.7498
73,2412,0,0.0290,0.2027,0.4728,0.7495
74,2412,0,0.0314,0.2006,0.4501,0.7478
75,2412,0,0.0343,0.1996,0.4246,0.7472
76,2412,0,0.0329,0.1975,0.3976,0.7478
77,2412,0,0.0111,0.1982,0.3648,0.7469
78,2412,0,0.0000,0.1974,0.3307,0.7475
79,2412,0,0.0000,0.1972,0.2950,0.7486
80,2412,0,0.0000,0.1977,0.2749,0.7487
81,-1,0,0.7119,0.1761,0.9963,0.7586
82,2430,0,0.7023,0.1760,0.9976,0.7584
83,2430,0,0.6905,0.1762,0.9803,0.7587
84,2430,0,0.6805,0.1757,0.9534,0.7570
85,2430,0,0.6593,0.1755,0.9206,0.7589
86,2430,0,0.6402,0.1738,0.8954,0.7603
87,2430,0,0.6153,0.1750,0.8838,0.7617
88,2430,0,0.5623,0.1747,0.8787,0.7617
89,2430,0,0.5027,0.1773,0.8775,0.7592
90,2430,0,0.4950,0.1782,0.8816,0.7551
91,2430,0,0.4335,0.1778,0.8821,0.7521
92,2430,0,0.4223,0.1803,0.8792,0.7504
93,2430,0,0.4195,0.1820,0.8787,0.7516
94,2430,0,0.3846,0.1818,0.8723,0.7544
95,2430,0,0.3664,0.1789,0.8658,0.7565
96,2430,0,0.3581,0.1766,0.8532,0.7580
97,2430,0,0.3527,0.1741,0.8281,0.7590
98,2430,0,0.3513,0.1704,0.7874,0.7600
99,2430,0,0.3569,0.1681,0.7429,0.7591
100,2430,0,0.3573,0.1674,0.6930,0.7598
101,2430,0,0.3524,0.1665,0.6551,0.7604
102,2430,0,0.3427,0.1666,0.6076,0.7615
103,2430,0,0.3269,0.1677,0.5695,0.7622
104,2430,0,0.3010,0.1680,0.5389,0.7593
105,2430,0,0.2753,0.1684,0.5228,0.7583
106,2430,0,0.2223,0.1703,0.5202,0.7589
107,2430,0,0.1625,0.1722,0.5202,0.7575
108,2430,0,0.1200,0.1756,0.5212,0.7569
109,2430,0,0.0758,0.1783,0.5216,0.7588
110,2430,0,0.0511,0.1797,0.5222,0.7589
111,2430,0,0.0322,0.1824,0.5230,0.7586
112,2430,0,0.0212,0.1844,0.5213,0.7576
113,2430,0,0.0155,0.1846,0.5170,0.7561
114,2430,0,0.0144,0.1874,0.5062,0.7561
115,2430,0,0.0143,0.1832,0.4885,0.7563
116,2430,0,0.0153,0.1783,0.4571,0.7544
117,2430,0,0.0195,0.1751,0.4181,0.7512
118,2430,0,0.0211,0.1762,0.3698,0.7481
119,2430,0,0.0180,0.1757,0.3358,0.7472
120,2430,0,0.0059,0.1745,0.2993,0.7471
