# resolution: 1080,1920
frame,track_id,class,x1_norm,y1_norm,x2_norm,y2_norm
0,1826,0,0.1898,0.1244,0.5622,0.7657
1,1826,0,0.1898,0.1247,0.5613,0.7789
2,1826,0,0.1886,0.1223,0.5598,0.7889
3,1826,0,0.1846,0.1202,0.5566,0.7959
4,1826,0,0.1774,0.1188,0.5538,0.8027
5,1826,0,0.1704,0.1178,0.5517,0.8123
6,1826,0,0.1645,0.1160,0.5523,0.8099
7,1826,0,0.1595,0.1152,0.5546,0.8116
8,1826,0,0.1568,0.1112,0.5560,0.8147
9,1826,0,0.1585,0.1060,0.5589,0.8155
10,1826,0,0.1651,0.1017,0.5626,0.8123
11,1826,0,0.1770,0.0983,0.5656,0.8063
12,1826,0,0.1862,0.0954,0.5683,0.8026
13,1826,0,0.1997,0.0938,0.5703,0.7985
14,1826,0,0.2142,0.0924,0.5731,0.8013
15,1826,0,0.2282,0.0920,0.5747,0.8031
16,1826,0,0.2410,0.0909,0.5748,0.8135
17,1826,0,0.2531,0.0885,0.5723,0.8112
18,1826,0,0.2631,0.0895,0.5723,0.8106
19,1826,0,0.2704,0.0883,0.5729,0.8104
20,1826,0,0.2772,0.0852,0.5723,0.8040
21,1826,0,0.2849,0.0819,0.5719,0.8011
22,1826,0,0.2901,0.0802,0.5715,0.8065
23,1826,0,0.2956,0.0807,0.5721,0.8109
24,1826,0,0.2965,0.0824,0.5730,0.8144
25,1826,0,0.2987,0.0825,0.5751,0.8185
26,1826,0,0.2907,0.0856,0.5767,0.8199
27,1826,0,0.2747,0.0855,0.5822,0.8180
28,1826,0,0.2587,0.0863,0.5876,0.8130
29,1826,0,0.2423,0.0879,0.5936,0.8130
30,1826,0,0.2301,0.0883,0.5951,0.8136
31,1826,0,0.2163,0.0900,0.5951,0.8085
32,1826,0,0.2055,0.0931,0.5967,0.8045
33,1826,0,0.1998,0.0966,0.5975,0.8003
34,1826,0,0.1967,0.0988,0.5990,0.7984
35,1826,0,0.1957,0.1002,0.5994,0.7977
36,1826,0,0.1958,0.1000,0.6009,0.7913
37,1826,0,0.1993,0.1038,0.6016,0.7988
38,1826,0,0.2049,0.1068,0.6026,0.8033
39,1826,0,0.2101,0.1122,0.6054,0.8009
40,1826,0,0.2163,0.1131,0.6077,0.8022
41,1826,0,0.2237,0.1178,0.6108,0.7971
42,1826,0,0.2296,0.1206,0.6129,0.7911
43,1826,0,0.2367,0.1225,0.6144,0.7799
44,1826,0,0.2435,0.1240,0.6163,0.7716
45,1826,0,0.2508,0.1248,0.6188,0.7660
46,1826,0,0.2603,0.1251,0.6198,0.7670
47,1826,0,0.2689,0.1257,0.6201,0.7622
48,1826,0,0.2747,0.1274,0.6210,0.7570
49,1826,0,0.2675,0.1274,0.6212,0.7554
50,1826,0,0.2803,0.1292,0.6215,0.7523
51,1826,0,0.2654,0.1298,0.6206,0.7517
52,1826,0,0.2701,0.1314,0.6182,0.7521
53,1826,0,0.2722,0.1340,0.6162,0.7523
54,1826,0,0.2777,0.1368,0.6143,0.7528
55,1826,0,0.2826,0.1376,0.6119,0.7524
56,1826,0,0.2876,0.1404,0.6110,0.7499
57,1826,0,0.2855,0.1427,0.6097,0.7461
58,1826,0,0.2807,0.1442,0.6051,0.7462
59,1826,0,0.2751,0.1452,0.6019,0.7472
60,1826,0,0.2680,0.1458,0.5972,0.7478
61,1826,0,0.2600,0.1462,0.5895,0.7477
62,1826,0,0.2505,0.1461,0.5829,0.7440
63,1826,0,0.2443,0.1455,0.5770,0.7421
64,1826,0,0.2381,0.1444,0.5702,0.7339
65,1826,0,0.2327,0.1443,0.5656,0.7311
66,1826,0,0.2285,0.1453,0.5644,0.7266
67,1826,0,0.2263,0.1465,0.5629,0.7170
68,1826,0,0.2250,0.1490,0.5622,0.7098
69,1826,0,0.2239,0.1514,0.5588,0.7069
70,1826,0,0.2252,0.1533,0.5533,0.7026
71,1826,0,0.2280,0.1549,0.5492,0.7001
72,1826,0,0.2293,0.1564,0.5450,0.6993
73,1826,0,0.2308,0.1577,0.5441,0.6990
74,1826,0,0.2306,0.1587,0.5436,0.6993
75,1826,0,0.2309,0.1605,0.5478,0.6996
76,1826,0,0.2309,0.1630,0.5529,0.6998
77,1826,0,0.2306,0.1667,0.5565,0.7004
78,1826,0,0.2303,0.1699,0.5586,0.6999
79,1826,0,0.2305,0.1720,0.5587,0.6999
80,1826,0,0.2317,0.1748,0.5575,0.7003
81,1826,0,0.2334,0.1774,0.5540,0.7003
82,1826,0,0.2361,0.1799,0.5501,0.6997
83,1826,0,0.2400,0.1823,0.5463,0.6967
84,1826,0,0.2427,0.1844,0.5407,0.6925
85,1826,0,0.2458,0.1867,0.5373,0.6852
86,1826,0,0.2465,0.1874,0.5334,0.6799
87,1826,0,0.2444,0.1876,0.5292,0.6745
88,1826,0,0.2417,0.1886,0.5256,0.6699
89,1826,0,0.2390,0.1904,0.5235,0.6603
90,1826,0,0.2354,0.1925,0.5219,0.6540
91,1826,0,0.2322,0.1938,0.5191,0.6507
92,1826,0,0.2289,0.1949,0.5143,0.6494
93,1826,0,0.2256,0.1960,0.5124,0.6492
94,1826,0,0.2255,0.1970,0.5087,0.6491
95,1826,0,0.2225,0.1988,0.5077,0.6492
96,1826,0,0.2218,0.2007,0.5080,0.6484
97,1826,0,0.2221,0.2025,0.5086,0.6496
98,1826,0,0.2243,0.2045,0.5088,0.6503
99,1826,0,0.2269,0.2071,0.5094,0.6510
100,1826,0,0.2303,0.2092,0.5086,0.6517
101,1826,0,0.2373,0.2110,0.5071,0.6525
102,1826,0,0.2431,0.2135,0.5044,0.6519
103,1826,0,0.2502,0.2147,0.5021,0.6484
104,1826,0,0.2559,0.2153,0.4989,0.6451
105,1826,0,0.2617,0.2154,0.4949,0.6419
106,1826,0,0.2692,0.2154,0.4933,0.6388
107,1826,0,0.2732,0.2154,0.4980,0.6348
108,1826,0,0.2766,0.2155,0.5034,0.6305
109,1826,0,0.2791,0.2165,0.5061,0.6248
110,1826,0,0.2800,0.2172,0.5137,0.6183
111,1826,0,0.2808,0.2182,0.5184,0.6150
112,1826,0,0.2815,0.2190,0.5189,0.6146
113,1826,0,0.2815,0.2201,0.5200,0.6143
114,1826,0,0.2824,0.2213,0.5213,0.6133
115,1826,0,0.2842,0.2226,0.5229,0.6147
116,1826,0,0.2866,0.2241,0.5233,0.6153
117,1826,0,0.2894,0.2251,0.5232,0.6156
118,1826,0,0.2923,0.2267,0.5221,0.6155
119,1826,0,0.2941,0.2297,0.5202,0.6148
120,1826,0,0.2967,0.2322,0.5185,0.6144
121,1826,0,0.3000,0.2335,0.5172,0.6146
122,1826,0,0.3026,0.2354,0.5165,0.6135
123,1826,0,0.3073,0.2373,0.5168,0.6100
124,1826,0,0.3100,0.2386,0.5173,0.6074
125,1826,0,0.3133,0.2395,0.5183,0.6039
126,1826,0,0.3163,0.2397,0.5207,0.6001
127,1826,0,0.3190,0.2398,0.5216,0.5983
128,1826,0,0.3199,0.2408,0.5229,0.5977
129,1826,0,0.3217,0.2416,0.5260,0.5958
130,1826,0,0.3236,0.2421,0.5321,0.5920
131,1826,0,0.3269,0.2424,0.5364,0.5899
132,1826,0,0.3312,0.2424,0.5383,0.5886
133,1826,0,0.3362,0.2421,0.5393,0.5877
134,1826,0,0.3382,0.2416,0.5418,0.5872
135,1826,0,0.3400,0.2417,0.5434,0.5867
136,1826,0,0.3423,0.2419,0.5452,0.5853
137,1826,0,0.3427,0.2424,0.5464,0.5845
138,1826,0,0.3448,0.2430,0.5469,0.5857
139,1826,0,0.3511,0.2448,0.5473,0.5862
140,1826,0,0.3572,0.2456,0.5485,0.5862
141,1826,0,0.3594,0.2459,0.5489,0.5862
142,1826,0,0.3616,0.2461,0.5496,0.5858
143,1826,0,0.3677,0.2450,0.5541,0.5822
144,1826,0,0.3698,0.2445,0.5558,0.5808
145,1826,0,0.3741,0.2443,0.5591,0.5806
146,1826,0,0.3796,0.2438,0.5610,0.5803
147,1826,0,0.3824,0.2442,0.5568,0.5804
148,1826,0,0.3832,0.2449,0.5448,0.5802
149,1826,0,0.3854,0.2459,0.5321,0.5793
150,1826,0,0.3866,0.2473,0.5266,0.5749
151,1826,0,0.3878,0.2471,0.5247,0.5728
152,1826,0,0.3875,0.2476,0.5244,0.5704
153,1826,0,0.3852,0.2478,0.5242,0.5693
154,1826,0,0.3812,0.2474,0.5235,0.5715
155,1826,0,0.3712,0.2474,0.5222,0.5714
156,1826,0,0.3623,0.2476,0.5238,0.5721
157,1826,0,0.3493,0.2478,0.5335,0.5721
158,1826,0,0.3411,0.2478,0.5443,0.5743
159,1826,0,0.3280,0.2474,0.5543,0.5744
160,1826,0,0.3200,0.2476,0.5588,0.5751
161,1826,0,0.3116,0.2480,0.5614,0.5761
162,1826,0,0.3097,0.2481,0.5618,0.5756
163,1826,0,0.3101,0.2482,0.5564,0.5749
164,1826,0,0.3117,0.2479,0.5514,0.5752
165,1826,0,0.3143,0.2479,0.5416,0.5753
166,1826,0,0.3167,0.2478,0.5353,0.5743
167,1826,0,0.3173,0.2471,0.5254,0.5763
168,1826,0,0.3171,0.2470,0.5180,0.5775
169,1826,0,0.3161,0.2462,0.5123,0.5788
170,1826,0,0.3122,0.2458,0.5068,0.5808
171,1826,0,0.3100,0.2452,0.5047,0.5813
172,1826,0,0.3089,0.2449,0.5054,0.5814
173,1826,0,0.3087,0.2445,0.5054,0.5811
174,1826,0,0.3061,0.2436,0.5066,0.5812
175,1826,0,0.3017,0.2434,0.5076,0.5808
176,1826,0,0.2987,0.2428,0.5090,0.5807
177,1826,0,0.2931,0.2416,0.5108,0.5808
178,1826,0,0.2866,0.2411,0.5121,0.5803
179,1826,0,0.2797,0.2411,0.5134,0.5805
180,1826,0,0.2738,0.2412,0.5142,0.5811
181,1826,0,0.2706,0.2405,0.5142,0.5811
182,1826,0,0.2616,0.2402,0.5131,0.5802
183,1826,0,0.2513,0.2400,0.5084,0.5796
184,1826,0,0.2391,0.2385,0.5046,0.5808
185,1826,0,0.2350,0.2381,0.5011,0.5831
186,1826,0,0.2406,0.2368,0.4992,0.5832
187,1826,0,0.2566,0.2356,0.4998,0.5824
188,1826,0,0.2583,0.2351,0.4981,0.5835
189,1826,0,0.2582,0.2350,0.4975,0.5847
190,1826,0,0.2593,0.2347,0.4953,0.5867
191,1826,0,0.2617,0.2346,0.4856,0.5877
192,1826,0,0.2634,0.2344,0.4803,0.5880
193,1826,0,0.2647,0.2345,0.4784,0.5897
194,1826,0,0.2637,0.2342,0.4765,0.5900
195,1826,0,0.2645,0.2337,0.4742,0.5897
196,1826,0,0.2652,0.2338,0.4750,0.5908
197,1826,0,0.2636,0.2333,0.4750,0.5912
198,1826,0,0.2619,0.2330,0.4751,0.5930
199,1826,0,0.2616,0.2330,0.4766,0.5942
200,1826,0,0.2606,0.2335,0.4777,0.5961
201,1826,0,0.2596,0.2338,0.4787,0.5928
202,1826,0,0.2587,0.2340,0.4813,0.5971
203,1826,0,0.2585,0.2342,0.4848,0.6003
204,1826,0,0.2588,0.2331,0.4888,0.6029
205,1826,0,0.2588,0.2315,0.4952,0.6072
206,1826,0,0.2586,0.2300,0.5001,0.6057
207,1826,0,0.2587,0.2273,0.5043,0.6083
208,1826,0,0.2565,0.2257,0.5063,0.6099
209,1826,0,0.2456,0.2243,0.5068,0.6107
210,1826,0,0.2312,0.2235,0.5048,0.6112
211,1826,0,0.2194,0.2226,0.4983,0.6110
212,1826,0,0.2089,0.2217,0.4927,0.6107
213,1826,0,0.2016,0.2208,0.4835,0.6114
214,1826,0,0.1990,0.2196,0.4766,0.6108
215,1826,0,0.1997,0.2190,0.4725,0.6106
216,1826,0,0.2007,0.2177,0.4705,0.6115
217,1826,0,0.2028,0.2170,0.4698,0.6149
218,1826,0,0.2063,0.2163,0.4693,0.6179
219,1826,0,0.2102,0.2155,0.4694,0.6201
220,1826,0,0.2152,0.2150,0.4696,0.6209
221,1826,0,0.2194,0.2145,0.4693,0.6210
222,1826,0,0.2199,0.2142,0.4694,0.6245
223,1826,0,0.2216,0.2138,0.4695,0.6276
224,1826,0,0.2215,0.2133,0.4696,0.6328
225,1826,0,0.2212,0.2127,0.4687,0.6371
226,1826,0,0.2211,0.2120,0.4688,0.6403
227,1826,0,0.2213,0.2109,0.4676,0.6423
228,1826,0,0.2201,0.2096,0.4666,0.6437
229,1826,0,0.2185,0.2086,0.4667,0.6444
230,1826,0,0.2159,0.2073,0.4686,0.6445
231,1826,0,0.2144,0.2061,0.4713,0.6443
232,1826,0,0.2116,0.2037,0.4785,0.6436
233,1826,0,0.2111,0.2021,0.4864,0.6438
234,1826,0,0.2113,0.2006,0.4926,0.6440
235,1826,0,0.2129,0.1987,0.4987,0.6439
236,1826,0,0.2147,0.1974,0.5041,0.6449
237,1826,0,0.2184,0.1960,0.5057,0.6475
238,1826,0,0.2206,0.1949,0.5077,0.6526
239,1826,0,0.2239,0.1940,0.5103,0.6583
240,1826,0,0.2253,0.1940,0.5115,0.6590
241,1826,0,0.2257,0.1944,0.5105,0.6597
242,1826,0,0.2288,0.1930,0.5105,0.6651
243,1826,0,0.2324,0.1931,0.5101,0.6711
244,1826,0,0.2375,0.1923,0.5096,0.6761
245,1826,0,0.2430,0.1902,0.5082,0.6804
246,1826,0,0.2501,0.1873,0.5113,0.6840
247,1826,0,0.2551,0.1842,0.5172,0.6854
248,1826,0,0.2576,0.1824,0.5218,0.6857
249,1826,0,0.2588,0.1804,0.5276,0.6856
250,1826,0,0.2583,0.1791,0.5347,0.6861
251,1826,0,0.2587,0.1781,0.5427,0.6863
252,1826,0,0.2589,0.1762,0.5504,0.6861
253,1826,0,0.2600,0.1742,0.5582,0.6852
254,1826,0,0.2605,0.1710,0.5661,0.6855
255,1826,0,0.2611,0.1691,0.5732,0.6861
256,1826,0,0.2615,0.1675,0.5803,0.6896
257,1826,0,0.2630,0.1663,0.5852,0.6974
258,1826,0,0.2659,0.1653,0.5888,0.7007
259,1826,0,0.2667,0.1642,0.5933,0.7049
260,1826,0,0.2716,0.1635,0.5983,0.7033
261,1826,0,0.2728,0.1626,0.6016,0.7062
262,1826,0,0.2741,0.1609,0.6028,0.7114
263,1826,0,0.2779,0.1620,0.6035,0.7175
264,1826,0,0.2792,0.1618,0.6022,0.7224
265,1826,0,0.2815,0.1602,0.6019,0.7319
266,1826,0,0.2828,0.1586,0.6012,0.7412
267,1826,0,0.2843,0.1573,0.6010,0.7467
268,1826,0,0.2850,0.1540,0.6021,0.7505
269,1826,0,0.2850,0.1520,0.6054,0.7509
270,1826,0,0.2834,0.1497,0.6096,0.7533
271,1826,0,0.2815,0.1482,0.6139,0.7523
272,1826,0,0.2787,0.1464,0.6190,0.7524
273,1826,0,0.2757,0.1436,0.6245,0.7528
274,1826,0,0.2733,0.1402,0.6296,0.7524
275,1826,0,0.2696,0.1386,0.6358,0.7491
276,1826,0,0.2660,0.1365,0.6404,0.7472
277,1826,0,0.2648,0.1337,0.6444,0.7484
278,1826,0,0.2642,0.1313,0.6470,0.7537
279,1826,0,0.2644,0.1283,0.6490,0.7648
280,1826,0,0.2625,0.1278,0.6512,0.7726
281,1826,0,0.2609,0.1273,0.6520,0.7759
282,1826,0,0.2603,0.1240,0.6516,0.7809
283,1826,0,0.2579,0.1228,0.6502,0.7891
284,1826,0,0.2547,0.1216,0.6481,0.7954
285,1826,0,0.2481,0.1203,0.6462,0.7978
286,1826,0,0.2432,0.1199,0.6465,0.8023
287,1826,0,0.2400,0.1181,0.6468,0.8028
288,1826,0,0.2379,0.1145,0.6493,0.8029
289,1826,0,0.2367,0.1045,0.6506,0.8048
290,1826,0,0.2409,0.0988,0.6508,0.8061
291,1826,0,0.2494,0.0967,0.6510,0.8049
292,1826,0,0.2605,0.0956,0.6500,0.8052
293,1826,0,0.2735,0.0927,0.6471,0.8037
294,1826,0,0.2849,0.0903,0.6417,0.7991
295,1826,0,0.2960,0.0887,0.6358,0.7949
296,1826,0,0.3012,0.0873,0.6296,0.7919
297,1826,0,0.3048,0.0860,0.6243,0.7918
298,1826,0,0.3102,0.0862,0.6195,0.7975
299,1826,0,0.3134,0.0863,0.6150,0.7978
