# resolution: 1080,1920
frame,track_id,class,x1_norm,y1_norm,x2_norm,y2_norm
0,1826,0,0.2580,0.1335,0.6073,0.7567
1,1826,0,0.2483,0.1306,0.6097,0.7564
2,1826,0,0.2386,0.1279,0.6135,0.7565
3,1826,0,0.2304,0.1254,0.6176,0.7569
4,1826,0,0.2217,0.1218,0.6212,0.7570
5,1826,0,0.2123,0.1199,0.6222,0.7632
6,1826,0,0.2036,0.1184,0.6215,0.7753
7,1826,0,0.1936,0.1173,0.6194,0.7881
8,1826,0,0.1870,0.1157,0.6150,0.8023
9,1826,0,0.1829,0.1155,0.6085,0.8099
10,1826,0,0.1782,0.1143,0.6019,0.8173
11,1826,0,0.1746,0.1140,0.5974,0.8231
12,1826,0,0.1720,0.1107,0.5907,0.8259
13,1826,0,0.1687,0.1071,0.5840,0.8270
14,1826,0,0.1667,0.1031,0.5750,0.8267
15,1826,0,0.1685,0.0999,0.5690,0.8288
16,1826,0,0.1734,0.0972,0.5620,0.8296
17,1826,0,0.1824,0.0936,0.5547,0.8310
18,1826,0,0.1952,0.0883,0.5448,0.8320
19,1826,0,0.2143,0.0869,0.5386,0.8314
20,1826,0,0.2276,0.0821,0.5335,0.8306
21,1826,0,0.2355,0.0778,0.5273,0.8312
22,1826,0,0.2424,0.0759,0.5229,0.8309
23,1826,0,0.2372,0.0755,0.5209,0.8279
24,1826,0,0.2102,0.0740,0.5190,0.8259
25,1826,0,0.1809,0.0737,0.5160,0.8224
26,1826,0,0.1509,0.0735,0.5132,0.8192
27,1826,0,0.1250,0.0750,0.5112,0.8165
28,1826,0,0.1021,0.0773,0.5098,0.8149
29,1826,0,0.0844,0.0775,0.5108,0.8129
30,1826,0,0.0637,0.0786,0.5131,0.8158
31,1826,0,0.0504,0.0788,0.5187,0.8191
32,1826,0,0.0461,0.0807,0.5243,0.8214
33,1826,0,0.0451,0.0832,0.5308,0.8223
34,1826,0,0.0440,0.0842,0.5378,0.8238
35,1826,0,0.0667,0.0856,0.5433,0.8276
36,1826,0,0.0883,0.0882,0.5474,0.8262
37,1826,0,0.1075,0.0896,0.5492,0.8250
38,1826,0,0.1271,0.0927,0.5532,0.8261
39,1826,0,0.1452,0.0941,0.5580,0.8242
40,1826,0,0.1597,0.0982,0.5652,0.8284
41,1826,0,0.1732,0.1002,0.5726,0.8267
42,1826,0,0.1849,0.1023,0.5792,0.8286
43,1826,0,0.1940,0.1077,0.5878,0.8139
44,1826,0,0.2037,0.1147,0.5930,0.7986
45,1826,0,0.2106,0.1171,0.5968,0.7878
46,1826,0,0.2184,0.1186,0.5998,0.7780
47,1826,0,0.2226,0.1195,0.6015,0.7707
48,1826,0,0.2276,0.1174,0.6046,0.7706
49,1826,0,0.2309,0.1164,0.6070,0.7657
50,1826,0,0.2327,0.1172,0.6099,0.7645
51,1826,0,0.2340,0.1178,0.6120,0.7632
52,1826,0,0.2317,0.1198,0.6132,0.7646
53,1826,0,0.2308,0.1218,0.6139,0.7654
54,1826,0,0.2278,0.1257,0.6151,0.7663
55,1826,0,0.2231,0.1294,0.6152,0.7650
56,1826,0,0.2183,0.1305,0.6140,0.7633
57,1826,0,0.2144,0.1341,0.6121,0.7659
58,1826,0,0.2111,0.1379,0.6108,0.7657
59,1826,0,0.2072,0.1413,0.6083,0.7651
60,1826,0,0.2035,0.1443,0.6037,0.7654
61,1826,0,0.1998,0.1467,0.6003,0.7648
62,1826,0,0.1968,0.1474,0.5948,0.7626
63,1826,0,0.1966,0.1478,0.5904,0.7546
64,1826,0,0.1996,0.1480,0.5836,0.7447
65,1826,0,0.2041,0.1480,0.5775,0.7363
66,1826,0,0.2103,0.1488,0.5748,0.7246
67,1826,0,0.2179,0.1495,0.5703,0.7194
68,1826,0,0.2249,0.1511,0.5674,0.7131
69,1826,0,0.2312,0.1531,0.5640,0.7081
70,1826,0,0.2372,0.1548,0.5605,0.7021
71,1826,0,0.2425,0.1565,0.5562,0.6986
72,1826,0,0.2461,0.1576,0.5522,0.6972
73,1826,0,0.2480,0.1589,0.5484,0.6974
74,1826,0,0.2480,0.1602,0.5460,0.6976
75,1826,0,0.2477,0.1621,0.5446,0.6977
76,1826,0,0.2476,0.1645,0.5431,0.6970
77,1826,0,0.2488,0.1675,0.5423,0.6966
78,1826,0,0.2498,0.1703,0.5401,0.6972
79,1826,0,0.2498,0.1729,0.5389,0.6982
80,1826,0,0.2515,0.1765,0.5389,0.6985
81,1826,0,0.2545,0.1801,0.5392,0.6981
82,1826,0,0.2571,0.1825,0.5402,0.6975
83,1826,0,0.2607,0.1842,0.5405,0.6954
84,1826,0,0.2683,0.1849,0.5400,0.6887
85,1826,0,0.2734,0.1852,0.5401,0.6815
86,1826,0,0.2750,0.1867,0.5415,0.6674
87,1826,0,0.2712,0.1880,0.5425,0.6621
88,1826,0,0.2658,0.1900,0.5449,0.6574
89,1826,0,0.2594,0.1921,0.5466,0.6537
90,1826,0,0.2562,0.1929,0.5492,0.6506
91,1826,0,0.2540,0.1945,0.5520,0.6476
92,1826,0,0.2506,0.1954,0.5535,0.6475
93,1826,0,0.2507,0.1964,0.5568,0.6475
94,1826,0,0.2488,0.1974,0.5576,0.6475
95,1826,0,0.2495,0.1986,0.5578,0.6477
96,1826,0,0.2484,0.2006,0.5565,0.6486
97,1826,0,0.2509,0.2020,0.5552,0.6486
98,1826,0,0.2521,0.2037,0.5546,0.6488
99,1826,0,0.2545,0.2062,0.5519,0.6488
100,1826,0,0.2565,0.2082,0.5489,0.6494
101,1826,0,0.2629,0.2096,0.5471,0.6489
102,1826,0,0.2705,0.2118,0.5440,0.6463
103,1826,0,0.2737,0.2128,0.5406,0.6421
104,1826,0,0.2801,0.2130,0.5378,0.6381
105,1826,0,0.2856,0.2133,0.5327,0.6361
106,1826,0,0.2903,0.2143,0.5292,0.6303
107,1826,0,0.2932,0.2149,0.5255,0.6256
108,1826,0,0.2944,0.2154,0.5232,0.6188
109,1826,0,0.2955,0.2158,0.5225,0.6148
110,1826,0,0.2957,0.2165,0.5219,0.6132
111,1826,0,0.2971,0.2172,0.5230,0.6124
112,1826,0,0.2992,0.2176,0.5225,0.6120
113,1826,0,0.2994,0.2179,0.5231,0.6127
114,1826,0,0.3015,0.2187,0.5241,0.6129
115,1826,0,0.3024,0.2204,0.5242,0.6131
116,1826,0,0.3042,0.2225,0.5239,0.6138
117,1826,0,0.3053,0.2238,0.5250,0.6130
118,1826,0,0.3073,0.2253,0.5244,0.6132
119,1826,0,0.3106,0.2264,0.5249,0.6139
120,1826,0,0.3141,0.2287,0.5277,0.6145
121,1826,0,0.3164,0.2327,0.5281,0.6140
122,1826,0,0.3202,0.2348,0.5278,0.6141
123,1826,0,0.3232,0.2359,0.5281,0.6129
124,1826,0,0.3269,0.2370,0.5319,0.6099
125,1826,0,0.3289,0.2378,0.5338,0.6057
126,1826,0,0.3298,0.2383,0.5350,0.6017
127,1826,0,0.3316,0.2391,0.5367,0.5981
128,1826,0,0.3350,0.2388,0.5386,0.5928
129,1826,0,0.3335,0.2386,0.5409,0.5900
130,1826,0,0.3346,0.2381,0.5423,0.5883
131,1826,0,0.3350,0.2378,0.5429,0.5874
132,1826,0,0.3389,0.2382,0.5457,0.5868
133,1826,0,0.3397,0.2382,0.5471,0.5870
134,1826,0,0.3411,0.2382,0.5495,0.5872
135,1826,0,0.3425,0.2390,0.5509,0.5873
136,1826,0,0.3445,0.2398,0.5516,0.5877
137,1826,0,0.3475,0.2406,0.5532,0.5866
138,1826,0,0.3515,0.2417,0.5540,0.5873
139,1826,0,0.3551,0.2430,0.5548,0.5884
140,1826,0,0.3586,0.2439,0.5554,0.5886
141,1826,0,0.3628,0.2449,0.5561,0.5878
142,1826,0,0.3670,0.2451,0.5584,0.5871
143,1826,0,0.3707,0.2450,0.5604,0.5879
144,1826,0,0.3740,0.2451,0.5638,0.5881
145,1826,0,0.3771,0.2451,0.5660,0.5873
146,1826,0,0.3784,0.2451,0.5686,0.5840
147,1826,0,0.3812,0.2448,0.5720,0.5795
148,1826,0,0.3880,0.2440,0.5734,0.5786
149,1826,0,0.3928,0.2438,0.5708,0.5784
150,1826,0,0.3978,0.2438,0.5685,0.5747
151,1826,0,0.4013,0.2438,0.5653,0.5719
152,1826,0,0.4041,0.2443,0.5628,0.5718
153,1826,0,0.4057,0.2445,0.5607,0.5724
154,1826,0,0.4077,0.2450,0.5532,0.5738
155,1826,0,0.4081,0.2455,0.5442,0.5761
156,1826,0,0.4094,0.2462,0.5393,0.5779
157,1826,0,0.4108,0.2469,0.5348,0.5784
158,1826,0,0.4113,0.2479,0.5316,0.5791
159,1826,0,0.4102,0.2483,0.5296,0.5796
160,1826,0,0.4089,0.2483,0.5346,0.5795
161,1826,0,0.4084,0.2481,0.5453,0.5796
162,1826,0,0.4045,0.2477,0.5534,0.5788
163,1826,0,0.3968,0.2475,0.5598,0.5780
164,1826,0,0.3902,0.2472,0.5649,0.5769
165,1826,0,0.3862,0.2465,0.5711,0.5771
166,1826,0,0.3790,0.2461,0.5720,0.5781
167,1826,0,0.3753,0.2450,0.5761,0.5774
168,1826,0,0.3724,0.2446,0.5727,0.5797
169,1826,0,0.3665,0.2442,0.5757,0.5809
170,1826,0,0.3622,0.2441,0.5761,0.5816
171,1826,0,0.3607,0.2439,0.5748,0.5814
172,1826,0,0.3591,0.2436,0.5667,0.5809
173,1826,0,0.3577,0.2430,0.5628,0.5810
174,1826,0,0.3585,0.2426,0.5547,0.5808
175,1826,0,0.3592,0.2421,0.5463,0.5804
176,1826,0,0.3599,0.2413,0.5397,0.5810
177,1826,0,0.3596,0.2411,0.5327,0.5817
178,1826,0,0.3582,0.2405,0.5319,0.5821
179,1826,0,0.3567,0.2402,0.5319,0.5818
180,1826,0,0.3551,0.2401,0.5335,0.5791
181,1826,0,0.3528,0.2399,0.5333,0.5755
182,1826,0,0.3502,0.2398,0.5336,0.5788
183,1826,0,0.3471,0.2388,0.5358,0.5813
184,1826,0,0.3446,0.2384,0.5394,0.5826
185,1826,0,0.3420,0.2389,0.5432,0.5841
186,1826,0,0.3394,0.2384,0.5450,0.5856
187,1826,0,0.3366,0.2375,0.5462,0.5867
188,1826,0,0.3345,0.2372,0.5472,0.5880
189,1826,0,0.3306,0.2370,0.5434,0.5895
190,1826,0,0.3275,0.2369,0.5409,0.5920
191,1826,0,0.3247,0.2364,0.5403,0.5947
192,1826,0,0.3232,0.2346,0.5399,0.5959
193,1826,0,0.3210,0.2348,0.5401,0.5987
194,1826,0,0.3199,0.2353,0.5403,0.6001
195,1826,0,0.3184,0.2355,0.5415,0.6020
196,1826,0,0.3159,0.2352,0.5411,0.6032
197,1826,0,0.3116,0.2350,0.5405,0.6050
198,1826,0,0.3079,0.2343,0.5405,0.6076
199,1826,0,0.3012,0.2339,0.5401,0.6096
200,1826,0,0.2958,0.2328,0.5391,0.6107
201,1826,0,0.2920,0.2317,0.5372,0.6110
202,1826,0,0.2881,0.2295,0.5366,0.6116
203,1826,0,0.2854,0.2275,0.5352,0.6121
204,1826,0,0.2830,0.2262,0.5309,0.6118
205,1826,0,0.2809,0.2248,0.5241,0.6123
206,1826,0,0.2769,0.2240,0.5210,0.6128
207,1826,0,0.2769,0.2231,0.5161,0.6129
208,1826,0,0.2751,0.2222,0.5109,0.6122
209,1826,0,0.2735,0.2206,0.5052,0.6110
210,1826,0,0.2718,0.2193,0.5017,0.6111
211,1826,0,0.2724,0.2176,0.4990,0.6109
212,1826,0,0.2732,0.2164,0.4964,0.6120
213,1826,0,0.2777,0.2161,0.4942,0.6146
214,1826,0,0.2755,0.2155,0.4913,0.6184
215,1826,0,0.2729,0.2156,0.4896,0.6211
216,1826,0,0.2709,0.2156,0.4882,0.6247
217,1826,0,0.2665,0.2153,0.4858,0.6241
218,1826,0,0.2650,0.2152,0.4850,0.6239
219,1826,0,0.2575,0.2145,0.4834,0.6321
220,1826,0,0.2503,0.2131,0.4808,0.6355
221,1826,0,0.2439,0.2109,0.4774,0.6369
222,1826,0,0.2369,0.2094,0.4721,0.6376
223,1826,0,0.2275,0.2071,0.4661,0.6383
224,1826,0,0.2172,0.2052,0.4653,0.6388
225,1826,0,0.2073,0.2033,0.4677,0.6393
226,1826,0,0.1958,0.2019,0.4699,0.6395
227,1826,0,0.1889,0.2003,0.4739,0.6394
228,1826,0,0.1838,0.1990,0.4775,0.6391
229,1826,0,0.1796,0.1972,0.4790,0.6397
230,1826,0,0.1740,0.1956,0.4801,0.6405
231,1826,0,0.1704,0.1939,0.4800,0.6421
232,1826,0,0.1671,0.1928,0.4788,0.6449
233,1826,0,0.1639,0.1923,0.4773,0.6495
234,1826,0,0.1622,0.1916,0.4751,0.6553
235,1826,0,0.1617,0.1912,0.4718,0.6598
236,1826,0,0.1619,0.1912,0.4678,0.6624
237,1826,0,0.1629,0.1914,0.4642,0.6633
238,1826,0,0.1643,0.1910,0.4598,0.6671
239,1826,0,0.1675,0.1905,0.4553,0.6701
240,1826,0,0.1691,0.1896,0.4525,0.6739
241,1826,0,0.1698,0.1886,0.4510,0.6782
242,1826,0,0.1725,0.1866,0.4499,0.6814
243,1826,0,0.1745,0.1839,0.4502,0.6840
244,1826,0,0.1765,0.1822,0.4517,0.6864
245,1826,0,0.1785,0.1798,0.4565,0.6878
246,1826,0,0.1794,0.1772,0.4623,0.6884
247,1826,0,0.1798,0.1755,0.4643,0.6891
248,1826,0,0.1797,0.1732,0.4682,0.6896
249,1826,0,0.1791,0.1720,0.4723,0.6896
250,1826,0,0.1783,0.1705,0.4739,0.6892
251,1826,0,0.1770,0.1680,0.4772,0.6886
252,1826,0,0.1758,0.1659,0.4794,0.6901
253,1826,0,0.1740,0.1638,0.4824,0.6964
254,1826,0,0.1736,0.1621,0.4848,0.7002
255,1826,0,0.1732,0.1610,0.4853,0.7028
256,1826,0,0.1723,0.1605,0.4865,0.7064
257,1826,0,0.1720,0.1601,0.4873,0.7101
258,1826,0,0.1705,0.1603,0.4879,0.7149
259,1826,0,0.1705,0.1601,0.4886,0.7160
260,1826,0,0.1703,0.1595,0.4896,0.7198
261,1826,0,0.1703,0.1589,0.4902,0.7251
262,1826,0,0.1703,0.1577,0.4911,0.7345
263,1826,0,0.1691,0.1564,0.4931,0.7424
264,1826,0,0.1679,0.1554,0.4964,0.7487
265,1826,0,0.1687,0.1542,0.5061,0.7522
266,1826,0,0.1682,0.1531,0.5145,0.7536
267,1826,0,0.1685,0.1518,0.5184,0.7541
268,1826,0,0.1695,0.1493,0.5230,0.7540
269,1826,0,0.1693,0.1461,0.5270,0.7540
270,1826,0,0.1705,0.1428,0.5305,0.7543
271,1826,0,0.1725,0.1407,0.5363,0.7511
272,1826,0,0.1770,0.1382,0.5420,0.7485
273,1826,0,0.1798,0.1356,0.5466,0.7493
274,1826,0,0.1834,0.1328,0.5500,0.7566
275,1826,0,0.1860,0.1304,0.5543,0.7652
276,1826,0,0.1874,0.1285,0.5560,0.7715
277,1826,0,0.1882,0.1270,0.5592,0.7783
278,1826,0,0.1885,0.1260,0.5602,0.7749
279,1826,0,0.1893,0.1245,0.5619,0.7704
