# resolution: 1080,1920
frame,track_id,class,x1_norm,y1_norm,x2_norm,y2_norm
0,2016,0,0.0000,0.2220,0.3066,0.7046
1,2016,0,0.0000,0.2202,0.3270,0.7064
2,2016,0,0.0000,0.2199,0.3518,0.7085
3,2016,0,0.0000,0.2204,0.3793,0.7086
4,2016,0,0.0050,0.2216,0.4027,0.7099
5,2016,0,0.0139,0.2220,0.4227,0.7099
6,2016,0,0.0174,0.2223,0.4371,0.7108
7,2016,0,0.0260,0.2205,0.4443,0.7160
8,2016,0,0.0370,0.2188,0.4480,0.7187
9,2016,0,0.0591,0.2178,0.4500,0.7190
10,2016,0,0.0851,0.2203,0.4486,0.7191
11,2016,0,0.1161,0.2162,0.4466,0.7180
12,2016,0,0.1498,0.2140,0.4414,0.7186
13,2016,0,0.1902,0.2119,0.4428,0.7183
14,2016,0,0.2291,0.2120,0.4636,0.7183
15,2016,0,0.2566,0.2119,0.4879,0.7185
16,2016,0,0.2761,0.2107,0.5126,0.7192
17,2016,0,0.2923,0.2106,0.5449,0.7196
18,2016,0,0.3023,0.2115,0.5804,0.7178
19,2016,0,0.3049,0.2136,0.6131,0.7185
20,2016,0,0.3049,0.2162,0.6417,0.7184
21,2016,0,0.3052,0.2176,0.6680,0.7188
22,2016,0,0.3037,0.2191,0.6883,0.7207
23,2016,0,0.3019,0.2209,0.7093,0.7212
24,2016,0,0.3035,0.2221,0.7243,0.7219
25,2016,0,0.3089,0.2219,0.7405,0.7221
26,2016,0,0.3191,0.2221,0.7509,0.7230
27,2016,0,0.3385,0.2211,0.7588,0.7228
28,2016,0,0.3684,0.2200,0.7522,0.7220
29,2016,0,0.4053,0.2203,0.7538,0.7215
30,2016,0,0.4448,0.2187,0.7468,0.7199
31,2016,0,0.4784,0.2175,0.7524,0.7200
32,2016,0,0.5183,0.2151,0.7729,0.7217
33,2016,0,0.5655,0.2150,0.7999,0.7196
34,2016,0,0.5862,0.2150,0.8272,0.7229
35,2016,0,0.5987,0.2147,0.8629,0.7220
36,2016,0,0.6073,0.2157,0.9001,0.7258
37,2016,0,0.6126,0.2157,0.9353,0.7314
38,2016,0,0.6146,0.2156,0.9717,0.7333
39,2016,0,0.6143,0.2176,0.9954,0.7330
40,2016,0,0.6149,0.2182,1.0000,0.7345
41,2016,0,0.6032,0.2203,1.0000,0.7338
42,2016,0,0.5970,0.2189,1.0000,0.7336
43,2016,0,0.5935,0.2177,1.0000,0.7333
44,2016,0,0.5885,0.2170,0.9990,0.7328
45,2016,0,0.5870,0.2155,0.9775,0.7329
46,2016,0,0.5879,0.2126,0.9441,0.7322
47,2016,0,0.5894,0.2114,0.9051,0.7323
48,2016,0,0.5878,0.2120,0.8640,0.7316
49,2016,0,0.5755,0.2122,0.8215,0.7319
50,2016,0,0.5526,0.2119,0.7960,0.7322
51,2016,0,0.5169,0.2118,0.7791,0.7306
52,2016,0,0.4791,0.2126,0.7640,0.7298
53,2016,0,0.4438,0.2131,0.7517,0.7298
54,2016,0,0.4109,0.2145,0.7412,0.7303
55,2016,0,0.3842,0.2167,0.7358,0.7300
56,2016,0,0.3543,0.2191,0.7344,0.7308
57,2016,0,0.3385,0.2208,0.7322,0.7314
58,2016,0,0.3234,0.2219,0.7318,0.7311
59,2016,0,0.3102,0.2239,0.7308,0.7293
60,2016,0,0.3053,0.2250,0.7281,0.7297
61,2016,0,0.3036,0.2227,0.7171,0.7292
62,2016,0,0.3043,0.2229,0.6950,0.7283
63,2016,0,0.3057,0.2228,0.6651,0.7220
64,2016,0,0.3105,0.2223,0.6288,0.7175
65,2016,0,0.3107,0.2219,0.5964,0.7153
66,2016,0,0.2992,0.2215,0.5623,0.7126
67,2016,0,0.2798,0.2203,0.5277,0.7105
68,2016,0,0.2580,0.2206,0.5039,0.7104
69,2016,0,0.2369,0.2205,0.4865,0.7089
70,2016,0,0.2173,0.2202,0.4709,0.7062
71,2016,0,0.2045,0.2205,0.4532,0.7075
72,2016,0,0.1520,0.2209,0.4452,0.7110
73,2016,0,0.1039,0.2212,0.4420,0.7111
74,2016,0,0.0763,0.2226,0.4403,0.7103
75,2016,0,0.0517,0.2249,0.4394,0.7097
76,2016,0,0.0458,0.2258,0.4393,0.7091
77,2016,0,0.0369,0.2269,0.4383,0.7073
78,2016,0,0.0295,0.2267,0.4382,0.7073
79,2016,0,0.0257,0.2236,0.4359,0.7079
80,2016,0,0.0237,0.2228,0.4319,0.7079
81,2016,0,0.0221,0.2214,0.4197,0.7071
82,2016,0,0.0223,0.2209,0.3948,0.7077
83,2016,0,0.0240,0.2206,0.3659,0.7051
84,2016,0,0.0248,0.2201,0.3352,0.7033
85,2016,0,0.0089,0.2190,0.3028,0.7021
86,2016,0,0.0002,0.2186,0.2819,0.7014
87,2016,0,0.0000,0.2184,0.2714,0.7013
88,2016,0,0.0000,0.2248,0.3289,0.6983
89,2016,0,0.0008,0.2288,0.3406,0.6982
90,2016,0,0.0058,0.2289,0.3370,0.6967
91,2016,0,0.0195,0.2280,0.3381,0.6968
92,2016,0,0.0441,0.2257,0.3567,0.6987
93,2016,0,0.0776,0.2252,0.3602,0.7004
94,2016,0,0.1114,0.2255,0.3599,0.7011
95,2016,0,0.1427,0.2252,0.3744,0.7015
96,2016,0,0.1757,0.2254,0.3974,0.7010
97,2016,0,0.1937,0.2249,0.4188,0.7008
98,2016,0,0.2094,0.2243,0.4384,0.7012
99,2016,0,0.2257,0.2239,0.4582,0.7012
100,2016,0,0.2352,0.2245,0.4883,0.7015
101,2016,0,0.2370,0.2257,0.5177,0.7012
102,2016,0,0.2399,0.2262,0.5471,0.7013
103,2016,0,0.2413,0.2277,0.5678,0.7009
104,2016,0,0.2406,0.2297,0.5902,0.7008
105,2016,0,0.2407,0.2313,0.6014,0.6998
106,2016,0,0.2435,0.2320,0.6205,0.7019
107,2016,0,0.2471,0.2328,0.6321,0.7028
108,2016,0,0.2543,0.2324,0.6445,0.7031
109,2016,0,0.2680,0.2302,0.6512,0.7034
110,2016,0,0.2895,0.2288,0.6608,0.7035
111,2016,0,0.3215,0.2278,0.6606,0.7023
112,2016,0,0.3541,0.2291,0.6562,0.7014
113,2016,0,0.3871,0.2284,0.6533,0.7023
114,2016,0,0.4227,0.2289,0.6634,0.7005
115,2016,0,0.4619,0.2289,0.6841,0.6991
116,2016,0,0.4812,0.2276,0.7106,0.7015
117,2016,0,0.4880,0.2268,0.7421,0.7014
118,2016,0,0.4904,0.2263,0.7753,0.6991
119,2016,0,0.4915,0.2261,0.8033,0.7040
120,2016,0,0.4988,0.2271,0.8327,0.7058
121,2016,0,0.5110,0.2283,0.8525,0.7051
122,2016,0,0.5200,0.2300,0.8738,0.7053
123,2016,0,0.5235,0.2318,0.8873,0.7063
124,2016,0,0.5255,0.2322,0.9086,0.7082
125,2016,0,0.5290,0.2323,0.9125,0.7098
126,2016,0,0.5342,0.2309,0.9242,0.7120
127,2016,0,0.5479,0.2297,0.9062,0.7123
128,2016,0,0.5633,0.2281,0.9242,0.7132
129,2016,0,0.5921,0.2255,0.9245,0.7131
130,2016,0,0.6267,0.2261,0.9275,0.7144
131,2016,0,0.6578,0.2260,0.9324,0.7149
132,2016,0,0.6927,0.2242,0.9443,0.7163
133,2016,0,0.7291,0.2237,0.9842,0.7176
134,2016,0,0.7577,0.2230,1.0000,0.7183
135,2016,0,0.7712,0.2231,1.0000,0.7184
136,2016,0,0.7759,0.2238,1.0000,0.7178
137,2016,0,0.7299,0.2128,1.0000,0.7294
138,2016,0,0.6859,0.2082,0.9686,0.7316
139,2016,0,0.6421,0.2076,0.9361,0.7305
140,2016,0,0.6029,0.2089,0.9143,0.7317
141,2016,0,0.5719,0.2100,0.9029,0.7311
142,2016,0,0.5448,0.2118,0.9024,0.7313
143,2016,0,0.5137,0.2133,0.9018,0.7314
144,2016,0,0.4831,0.2146,0.8929,0.7311
145,2016,0,0.4584,0.2170,0.8844,0.7302
146,2016,0,0.4289,0.2188,0.8703,0.7291
147,2016,0,0.4130,0.2187,0.8651,0.7273
148,2016,0,0.3998,0.2183,0.8622,0.7268
149,2016,0,0.3946,0.2191,0.8508,0.7267
150,2016,0,0.3925,0.2174,0.8352,0.7268
151,2016,0,0.3929,0.2145,0.8099,0.7259
152,2016,0,0.3920,0.2120,0.7832,0.7254
153,2016,0,0.3919,0.2117,0.7496,0.7240
154,2016,0,0.3915,0.2117,0.7098,0.7226
155,2016,0,0.3845,0.2113,0.6688,0.7221
156,2016,0,0.3472,0.2108,0.6276,0.7233
157,2016,0,0.3033,0.2124,0.6012,0.7232
158,2016,0,0.2605,0.2121,0.5884,0.7243
159,2016,0,0.2208,0.2132,0.5791,0.7228
160,2016,0,0.1875,0.2149,0.5793,0.7219
161,2016,0,0.1613,0.2157,0.5744,0.7228
162,2016,0,0.1353,0.2176,0.5640,0.7238
163,2016,0,0.1161,0.2198,0.5543,0.7240
164,2016,0,0.1007,0.2210,0.5426,0.7219
165,2016,0,0.0881,0.2242,0.5397,0.7204
166,2016,0,0.0823,0.2267,0.5371,0.7194
167,2016,0,0.0813,0.2263,0.5254,0.7208
168,2016,0,0.0852,0.2250,0.5060,0.7211
169,2016,0,0.0928,0.2248,0.4782,0.7191
170,2016,0,0.1078,0.2253,0.4496,0.7154
171,2016,0,0.1181,0.2230,0.4162,0.7086
172,2016,0,0.1189,0.2220,0.3818,0.7041
173,2016,0,0.1025,0.2221,0.3426,0.6998
174,2016,0,0.0788,0.2213,0.3101,0.6979
175,2016,0,0.0574,0.2218,0.2916,0.6981
176,2016,0,0.0431,0.2220,0.2770,0.6969
177,2016,0,0.0281,0.2221,0.2628,0.6967
178,2016,0,0.0162,0.2225,0.2530,0.6968
179,2016,0,0.0035,0.2222,0.2493,0.6974
180,2016,0,0.0000,0.2226,0.2464,0.6978
181,2016,0,0.0000,0.2237,0.2460,0.6978
182,2016,0,0.0000,0.2250,0.2465,0.6967
183,-1,0,0.1031,0.2192,0.5797,0.7270
184,2092,0,0.1094,0.2184,0.5950,0.7296
185,2092,0,0.1200,0.2192,0.6150,0.7297
186,2092,0,0.1361,0.2190,0.6339,0.7303
187,2092,0,0.1575,0.2179,0.6513,0.7302
188,2092,0,0.2025,0.2144,0.6743,0.7290
189,2092,0,0.2394,0.2116,0.6878,0.7275
190,2092,0,0.2753,0.2092,0.6994,0.7305
191,2092,0,0.3080,0.2088,0.7065,0.7327
192,2092,0,0.3410,0.2082,0.7100,0.7376
193,2092,0,0.3713,0.2088,0.7098,0.7358
194,2092,0,0.3872,0.2086,0.7103,0.7354
195,2092,0,0.3898,0.2095,0.7460,0.7376
196,2092,0,0.3916,0.2111,0.7788,0.7377
197,2092,0,0.3920,0.2119,0.8199,0.7388
198,2092,0,0.3918,0.2141,0.8424,0.7413
199,2092,0,0.3945,0.2168,0.8542,0.7441
200,2092,0,0.3995,0.2143,0.8511,0.7455
201,2092,0,0.4206,0.2126,0.8660,0.7510
202,2092,0,0.4519,0.2097,0.8552,0.7507
203,2092,0,0.4891,0.2070,0.8725,0.7544
204,2092,0,0.5316,0.2066,0.9034,0.7560
205,2092,0,0.5716,0.2046,0.9382,0.7570
206,2092,0,0.6031,0.2026,0.9761,0.7560
207,2092,0,0.6203,0.2014,0.9980,0.7549
208,2092,0,0.6332,0.2017,1.0000,0.7545
209,2092,0,0.6513,0.2032,1.0000,0.7544
210,2092,0,0.6722,0.2047,1.0000,0.7557
211,2092,0,0.6887,0.2068,1.0000,0.7577
212,2092,0,0.7007,0.2085,1.0000,0.7575
213,2092,0,0.7039,0.2091,1.0000,0.7573
214,2092,0,0.7065,0.2136,1.0000,0.7572
215,2092,0,0.7070,0.2207,1.0000,0.7569
216,2092,0,0.7128,0.2340,1.0000,0.7571
217,2092,0,0.7162,0.2463,1.0000,0.7571
