# resolution: 1920,1080
frame,track_id,class,x1_norm,y1_norm,x2_norm,y2_norm
0,1006,0,0.8978,0.0821,1.0000,0.7688
1,1006,0,0.9007,0.0785,1.0000,0.7622
1,1061,0,0.0001,0.1599,0.1389,0.7883
2,1006,0,0.9000,0.0776,1.0000,0.7590
2,1061,0,0.0001,0.1605,0.1395,0.7888
3,1006,0,0.8944,0.0771,1.0000,0.7599
3,1061,0,0.0001,0.1606,0.1406,0.7881
4,1006,0,0.8877,0.0778,1.0000,0.7621
4,1061,0,0.0003,0.1586,0.1388,0.7876
5,1006,0,0.8795,0.0780,1.0000,0.7639
5,1061,0,0.0015,0.1602,0.1395,0.7873
6,1006,0,0.8745,0.0784,1.0000,0.7641
6,1061,0,0.0026,0.1616,0.1407,0.7872
7,1006,0,0.8674,0.0809,0.9999,0.7639
7,1061,0,0.0054,0.1628,0.1413,0.7872
8,1006,0,0.8649,0.0829,0.9999,0.7640
8,1061,0,0.0082,0.1634,0.1420,0.7876
9,1006,0,0.8650,0.0860,0.9999,0.7628
9,1061,0,0.0101,0.1646,0.1426,0.7877
10,1006,0,0.8656,0.0858,0.9999,0.7629
10,1061,0,0.0112,0.1668,0.1436,0.7868
11,1006,0,0.8648,0.0879,0.9999,0.7627
11,1061,0,0.0118,0.1684,0.1449,0.7869
12,1006,0,0.8644,0.0904,0.9996,0.7610
12,1061,0,0.0126,0.1680,0.1467,0.7863
13,1006,0,0.8638,0.0927,0.9994,0.7613
13,1061,0,0.0162,0.1662,0.1484,0.7856
14,1006,0,0.8631,0.0944,0.9992,0.7617
14,1061,0,0.0184,0.1654,0.1501,0.7854
15,1006,0,0.8617,0.0942,0.9984,0.7613
15,1061,0,0.0204,0.1652,0.1515,0.7851
16,1006,0,0.8599,0.0945,0.9982,0.7618
16,1061,0,0.0214,0.1634,0.1536,0.7839
17,1006,0,0.8577,0.0960,0.9982,0.7631
17,1061,0,0.0235,0.1632,0.1555,0.7803
18,1006,0,0.8572,0.0968,0.9979,0.7645
18,1061,0,0.0248,0.1620,0.1565,0.7780
19,1006,0,0.8545,0.0980,0.9975,0.7652
19,1061,0,0.0276,0.1624,0.1573,0.7772
20,1006,0,0.8523,0.0988,0.9977,0.7648
20,1061,0,0.0303,0.1638,0.1586,0.7769
21,1006,0,0.8484,0.1004,0.9957,0.7657
21,1061,0,0.0323,0.1633,0.1597,0.7758
22,1006,0,0.8447,0.1014,0.9939,0.7664
22,1061,0,0.0345,0.1624,0.1612,0.7778
23,1006,0,0.8416,0.1028,0.9896,0.7656
23,1061,0,0.0362,0.1612,0.1630,0.7816
24,1006,0,0.8389,0.1045,0.9856,0.7651
24,1061,0,0.0376,0.1622,0.1647,0.7832
25,1006,0,0.8369,0.1051,0.9806,0.7622
25,1061,0,0.0394,0.1637,0.1682,0.7820
26,1006,0,0.8341,0.1051,0.9714,0.7605
26,1061,0,0.0410,0.1644,0.1740,0.7827
27,1006,0,0.8291,0.1049,0.9626,0.7604
27,1061,0,0.0443,0.1651,0.1805,0.7810
28,1006,0,0.8254,0.1044,0.9529,0.7599
28,1061,0,0.0463,0.1623,0.1888,0.7811
29,1006,0,0.8226,0.1041,0.9465,0.7602
29,1061,0,0.0478,0.1631,0.1954,0.7823
30,1006,0,0.8209,0.1058,0.9418,0.7626
30,1061,0,0.0505,0.1597,0.1997,0.7821
31,1006,0,0.8183,0.1065,0.9380,0.7630
31,1061,0,0.0527,0.1619,0.2014,0.7822
32,1006,0,0.8170,0.1073,0.9350,0.7650
32,1061,0,0.0567,0.1638,0.2019,0.7835
33,1006,0,0.8138,0.1082,0.9325,0.7642
33,1061,0,0.0594,0.1648,0.2026,0.7842
34,1006,0,0.8074,0.1092,0.9303,0.7621
34,1061,0,0.0622,0.1654,0.2030,0.7848
35,1006,0,0.7937,0.1116,0.9291,0.7660
35,1061,0,0.0653,0.1639,0.2028,0.7850
36,1006,0,0.7814,0.1135,0.9278,0.7655
36,1061,0,0.0688,0.1600,0.2031,0.7857
37,1006,0,0.7704,0.1132,0.9274,0.7628
37,1061,0,0.0729,0.1592,0.2029,0.7863
38,1006,0,0.7632,0.1142,0.9271,0.7610
38,1061,0,0.0775,0.1572,0.2025,0.7865
39,1006,0,0.7589,0.1147,0.9269,0.7618
39,1061,0,0.0824,0.1561,0.2021,0.7862
40,1006,0,0.7579,0.1145,0.9272,0.7626
40,1061,0,0.0865,0.1567,0.2015,0.7857
41,1006,0,0.7552,0.1144,0.9259,0.7663
41,1061,0,0.0899,0.1563,0.2018,0.7856
42,1006,0,0.7537,0.1146,0.9229,0.7667
42,1061,0,0.0932,0.1567,0.2024,0.7851
43,1006,0,0.7526,0.1132,0.9199,0.7671
43,1061,0,0.0977,0.1581,0.2026,0.7849
44,1006,0,0.7527,0.1102,0.9149,0.7671
44,1061,0,0.1036,0.1573,0.2061,0.7860
45,1006,0,0.7523,0.1079,0.9099,0.7678
45,1061,0,0.1094,0.1564,0.2116,0.7880
46,1006,0,0.7507,0.1065,0.9031,0.7681
46,1061,0,0.1148,0.1557,0.2161,0.7877
47,1006,0,0.7503,0.1056,0.8925,0.7672
47,1061,0,0.1204,0.1565,0.2218,0.7842
48,1006,0,0.7499,0.1047,0.8809,0.7670
48,1061,0,0.1263,0.1548,0.2271,0.7832
49,1006,0,0.7494,0.1036,0.8693,0.7666
49,1061,0,0.1314,0.1563,0.2322,0.7827
50,1006,0,0.7469,0.1036,0.8518,0.7669
50,1061,0,0.1362,0.1571,0.2431,0.7822
51,1006,0,0.7422,0.1041,0.8415,0.7666
51,1061,0,0.1392,0.1531,0.2559,0.7845
52,1006,0,0.7363,0.1034,0.8340,0.7670
52,1061,0,0.1425,0.1538,0.2718,0.7839
53,1006,0,0.7306,0.1021,0.8297,0.7668
53,1061,0,0.1459,0.1560,0.2850,0.7832
54,1006,0,0.7245,0.1015,0.8260,0.7653
54,1061,0,0.1478,0.1568,0.2989,0.7821
55,1006,0,0.7120,0.1021,0.8221,0.7646
55,1061,0,0.1493,0.1566,0.3083,0.7824
56,1006,0,0.6944,0.1039,0.8190,0.7640
56,1061,0,0.1494,0.1566,0.3154,0.7822
57,1006,0,0.6777,0.1057,0.8164,0.7645
57,1061,0,0.1479,0.1586,0.3174,0.7822
58,1006,0,0.6610,0.1075,0.8155,0.7653
58,1061,0,0.1469,0.1599,0.3199,0.7813
59,1006,0,0.6486,0.1096,0.8150,0.7649
59,1061,0,0.1474,0.1607,0.3239,0.7803
60,1006,0,0.6383,0.1120,0.8146,0.7655
60,1061,0,0.1486,0.1602,0.3294,0.7811
61,1006,0,0.6329,0.1141,0.8141,0.7669
61,1061,0,0.1513,0.1587,0.3362,0.7805
62,1006,0,0.6304,0.1178,0.8136,0.7673
62,1061,0,0.1548,0.1579,0.3416,0.7810
63,1006,0,0.6282,0.1222,0.8131,0.7678
63,1061,0,0.1604,0.1562,0.3475,0.7813
64,1006,0,0.6254,0.1229,0.8126,0.7677
64,1061,0,0.1662,0.1567,0.3514,0.7791
65,1006,0,0.6238,0.1227,0.8117,0.7687
65,1061,0,0.1752,0.1583,0.3556,0.7765
66,1006,0,0.6238,0.1227,0.8077,0.7700
66,1061,0,0.1870,0.1568,0.3601,0.7738
67,1006,0,0.6246,0.1222,0.8013,0.7697
67,1061,0,0.1954,0.1585,0.3608,0.7732
68,1006,0,0.6248,0.1194,0.7932,0.7691
68,1061,0,0.2068,0.1577,0.3615,0.7721
69,1006,0,0.6253,0.1189,0.7835,0.7684
69,1061,0,0.2194,0.1560,0.3629,0.7714
70,1006,0,0.6258,0.1199,0.7716,0.7666
70,1061,0,0.2271,0.1533,0.3643,0.7761
71,1006,0,0.6253,0.1198,0.7592,0.7658
71,1061,0,0.2317,0.1518,0.3671,0.7797
72,1006,0,0.6243,0.1195,0.7458,0.7658
72,1061,0,0.2361,0.1500,0.3717,0.7836
73,1006,0,0.6216,0.1160,0.7314,0.7665
73,1061,0,0.2396,0.1488,0.3773,0.7841
74,1006,0,0.6181,0.1166,0.7198,0.7688
74,1061,0,0.2442,0.1468,0.3830,0.7838
75,1006,0,0.6144,0.1179,0.7129,0.7724
75,1061,0,0.2481,0.1477,0.3883,0.7832
76,1006,0,0.6095,0.1185,0.7071,0.7768
76,1061,0,0.2512,0.1481,0.3950,0.7801
77,1006,0,0.5967,0.1185,0.7020,0.7793
77,1061,0,0.2534,0.1475,0.4009,0.7760
78,1006,0,0.5832,0.1183,0.6965,0.7781
78,1061,0,0.2565,0.1466,0.4071,0.7758
79,1006,0,0.5649,0.1203,0.6922,0.7772
79,1061,0,0.2599,0.1481,0.4125,0.7784
80,1006,0,0.5475,0.1220,0.6900,0.7765
80,1061,0,0.2620,0.1503,0.4154,0.7803
81,1006,0,0.5353,0.1228,0.6889,0.7758
81,1061,0,0.2633,0.1524,0.4188,0.7822
82,1006,0,0.5272,0.1233,0.6879,0.7766
82,1061,0,0.2647,0.1522,0.4260,0.7819
83,1006,0,0.5234,0.1233,0.6881,0.7780
83,1061,0,0.2654,0.1513,0.4310,0.7826
84,1006,0,0.5203,0.1231,0.6873,0.7786
84,1061,0,0.2647,0.1472,0.4365,0.7828
85,1006,0,0.5189,0.1231,0.6857,0.7790
85,1061,0,0.2649,0.1457,0.4400,0.7836
86,1006,0,0.5168,0.1212,0.6833,0.7796
86,1061,0,0.2656,0.1444,0.4424,0.7841
87,1006,0,0.5159,0.1201,0.6789,0.7813
87,1061,0,0.2690,0.1437,0.4469,0.7861
88,1006,0,0.5151,0.1178,0.6732,0.7806
88,1061,0,0.2718,0.1439,0.4507,0.7862
89,1006,0,0.5152,0.1175,0.6660,0.7799
89,1061,0,0.2756,0.1430,0.4551,0.7858
90,1006,0,0.5156,0.1167,0.6582,0.7788
90,1061,0,0.2798,0.1404,0.4590,0.7850
91,1006,0,0.5156,0.1147,0.6501,0.7781
91,1061,0,0.2860,0.1385,0.4615,0.7847
92,1006,0,0.5161,0.1128,0.6412,0.7786
92,1061,0,0.2918,0.1368,0.4639,0.7844
93,1006,0,0.5161,0.1110,0.6307,0.7792
93,1061,0,0.2997,0.1358,0.4662,0.7840
94,1006,0,0.5162,0.1106,0.6202,0.7787
94,1061,0,0.3057,0.1352,0.4692,0.7846
95,1006,0,0.5178,0.1112,0.6143,0.7793
95,1061,0,0.3124,0.1361,0.4709,0.7828
96,1006,0,0.5176,0.1110,0.6121,0.7792
96,1061,0,0.3168,0.1351,0.4734,0.7840
97,1006,0,0.5163,0.1115,0.6117,0.7806
97,1061,0,0.3207,0.1359,0.4758,0.7816
98,1006,0,0.5114,0.1104,0.6107,0.7799
98,1061,0,0.3229,0.1349,0.4773,0.7842
99,1006,0,0.5042,0.1100,0.6091,0.7786
99,1061,0,0.3252,0.1333,0.4791,0.7839
100,1006,0,0.4970,0.1108,0.6068,0.7774
100,1061,0,0.3263,0.1350,0.4813,0.7858
101,1006,0,0.4918,0.1111,0.6039,0.7761
101,1061,0,0.3275,0.1353,0.4837,0.7857
102,1006,0,0.4869,0.1102,0.6005,0.7755
102,1061,0,0.3303,0.1347,0.4854,0.7846
103,1006,0,0.4824,0.1099,0.5953,0.7749
103,1061,0,0.3329,0.1336,0.4879,0.7832
104,1006,0,0.4793,0.1106,0.5914,0.7749
104,1061,0,0.3359,0.1327,0.4886,0.7821
105,1006,0,0.4791,0.1109,0.5892,0.7754
105,1061,0,0.3374,0.1326,0.4897,0.7847
106,1006,0,0.4792,0.1116,0.5881,0.7765
106,1061,0,0.3393,0.1344,0.4911,0.7849
107,1006,0,0.4666,0.1124,0.5870,0.7771
107,1061,0,0.3412,0.1343,0.4861,0.7835
108,1006,0,0.4626,0.1128,0.5855,0.7778
108,1061,0,0.3427,0.1344,0.4850,0.7844
109,1006,0,0.4621,0.1136,0.5843,0.7782
109,1061,0,0.3439,0.1350,0.4838,0.7848
110,1006,0,0.4648,0.1143,0.5832,0.7782
110,1061,0,0.3452,0.1368,0.4842,0.7843
111,1006,0,0.4703,0.1157,0.5829,0.7777
111,1061,0,0.3483,0.1370,0.4933,0.7859
112,1006,0,0.4694,0.1166,0.5825,0.7775
112,1061,0,0.3503,0.1380,0.4962,0.7830
113,1006,0,0.4681,0.1167,0.5813,0.7769
113,1061,0,0.3517,0.1390,0.4983,0.7839
114,1006,0,0.4682,0.1163,0.5817,0.7759
114,1061,0,0.3518,0.1404,0.4965,0.7841
115,1006,0,0.4722,0.1161,0.5820,0.7759
115,1061,0,0.3486,0.1413,0.4944,0.7851
116,1006,0,0.4756,0.1168,0.5820,0.7754
116,1061,0,0.3508,0.1437,0.4938,0.7843
117,1006,0,0.4764,0.1168,0.5819,0.7752
117,1061,0,0.3523,0.1455,0.4920,0.7838
118,1006,0,0.4766,0.1169,0.5816,0.7746
118,1061,0,0.3487,0.1454,0.4909,0.7850
119,1006,0,0.4765,0.1169,0.5810,0.7744
119,1061,0,0.3484,0.1462,0.4890,0.7851
120,1006,0,0.4768,0.1171,0.5803,0.7743
120,1061,0,0.3531,0.1493,0.4890,0.7815
121,1006,0,0.4767,0.1171,0.5799,0.7747
121,1061,0,0.3564,0.1501,0.4900,0.7804
122,1006,0,0.4766,0.1175,0.5799,0.7758
122,1061,0,0.3581,0.1501,0.4908,0.7799
123,1006,0,0.4761,0.1167,0.5796,0.7760
123,1061,0,0.3602,0.1513,0.4899,0.7810
124,1006,0,0.4757,0.1166,0.5796,0.7771
124,1061,0,0.3595,0.1497,0.4891,0.7802
125,1006,0,0.4756,0.1173,0.5789,0.7768
125,1061,0,0.3589,0.1490,0.4870,0.7800
126,1006,0,0.4751,0.1196,0.5784,0.7764
126,1061,0,0.3563,0.1471,0.4867,0.7843
127,1006,0,0.4748,0.1210,0.5772,0.7760
127,1061,0,0.3555,0.1464,0.4868,0.7859
128,1006,0,0.4745,0.1221,0.5756,0.7761
128,1061,0,0.3551,0.1467,0.4870,0.7867
129,1006,0,0.4741,0.1214,0.5746,0.7767
129,1061,0,0.3555,0.1466,0.4877,0.7874
130,1006,0,0.4740,0.1217,0.5727,0.7760
130,1061,0,0.3567,0.1470,0.4877,0.7855
131,1006,0,0.4743,0.1217,0.5709,0.7751
131,1061,0,0.3560,0.1472,0.4875,0.7872
132,1006,0,0.4736,0.1237,0.5689,0.7725
132,1061,0,0.3552,0.1472,0.4877,0.7876
133,1006,0,0.4729,0.1244,0.5669,0.7737
133,1061,0,0.3549,0.1469,0.4873,0.7878
134,1006,0,0.4727,0.1244,0.5658,0.7743
134,1061,0,0.3549,0.1472,0.4873,0.7876
135,1006,0,0.4724,0.1244,0.5650,0.7796
135,1061,0,0.3558,0.1471,0.4882,0.7853
136,1006,0,0.4726,0.1245,0.5643,0.7816
136,1061,0,0.3552,0.1471,0.4876,0.7869
137,1006,0,0.4723,0.1242,0.5640,0.7840
137,1061,0,0.3548,0.1468,0.4877,0.7874
138,1006,0,0.4722,0.1238,0.5635,0.7863
138,1061,0,0.3558,0.1467,0.4879,0.7856
139,1006,0,0.4719,0.1237,0.5633,0.7865
139,1061,0,0.3560,0.1464,0.4884,0.7851
140,1006,0,0.4720,0.1224,0.5631,0.7869
140,1061,0,0.3551,0.1465,0.4878,0.7866
141,1006,0,0.4724,0.1207,0.5629,0.7865
141,1061,0,0.3547,0.1460,0.4870,0.7871
142,1006,0,0.4724,0.1205,0.5626,0.7860
142,1061,0,0.3553,0.1459,0.4879,0.7854
143,1006,0,0.4726,0.1190,0.5625,0.7855
143,1061,0,0.3582,0.1477,0.4875,0.7851
144,1006,0,0.4725,0.1180,0.5625,0.7857
144,1061,0,0.3556,0.1461,0.4865,0.7867
145,1006,0,0.4724,0.1170,0.5626,0.7865
145,1061,0,0.3573,0.1470,0.4873,0.7859
146,1006,0,0.4726,0.1173,0.5624,0.7880
146,1061,0,0.3575,0.1473,0.4882,0.7856
147,1006,0,0.4733,0.1167,0.5622,0.7882
147,1061,0,0.3577,0.1472,0.4885,0.7856
148,1006,0,0.4727,0.1148,0.5622,0.7879
148,1061,0,0.3570,0.1473,0.4896,0.7834
149,1006,0,0.4722,0.1145,0.5619,0.7870
149,1061,0,0.3545,0.1463,0.4892,0.7861
150,1006,0,0.4717,0.1149,0.5617,0.7870
150,1061,0,0.3555,0.1469,0.4906,0.7831
151,1006,0,0.4714,0.1151,0.5616,0.7871
151,1061,0,0.3556,0.1472,0.4917,0.7819
152,1006,0,0.4711,0.1146,0.5617,0.7866
152,1061,0,0.3556,0.1476,0.4917,0.7816
153,1006,0,0.4715,0.1142,0.5618,0.7864
153,1061,0,0.3557,0.1477,0.4921,0.7817
154,1006,0,0.4721,0.1142,0.5616,0.7861
154,1061,0,0.3557,0.1478,0.4921,0.7819
155,1006,0,0.4722,0.1149,0.5615,0.7864
155,1061,0,0.3560,0.1484,0.4901,0.7846
156,1006,0,0.4719,0.1148,0.5612,0.7868
156,1061,0,0.3558,0.1480,0.4909,0.7834
157,1006,0,0.4703,0.1136,0.5610,0.7856
157,1061,0,0.3558,0.1477,0.4902,0.7825
158,1006,0,0.4676,0.1113,0.5607,0.7852
158,1061,0,0.3560,0.1481,0.4874,0.7838
159,1006,0,0.4695,0.1113,0.5605,0.7846
159,1061,0,0.3562,0.1485,0.4851,0.7845
160,1006,0,0.4724,0.1108,0.5604,0.7844
160,1061,0,0.3562,0.1486,0.4824,0.7848
161,1006,0,0.4733,0.1100,0.5601,0.7846
161,1061,0,0.3538,0.1473,0.4757,0.7859
162,1006,0,0.4734,0.1092,0.5601,0.7852
162,1061,0,0.3531,0.1466,0.4728,0.7865
163,1006,0,0.4723,0.1090,0.5602,0.7856
163,1061,0,0.3527,0.1464,0.4709,0.7863
164,1006,0,0.4688,0.1087,0.5603,0.7877
164,1061,0,0.3544,0.1481,0.4699,0.7850
165,1006,0,0.4655,0.1082,0.5604,0.7890
165,1061,0,0.3527,0.1472,0.4679,0.7858
166,1006,0,0.4477,0.1084,0.5604,0.7893
166,1061,0,0.3525,0.1455,0.4696,0.7845
167,1006,0,0.4452,0.1075,0.5603,0.7898
167,1061,0,0.3520,0.1443,0.4714,0.7843
168,1006,0,0.4546,0.1085,0.5599,0.7895
168,1061,0,0.3516,0.1438,0.4726,0.7842
169,1006,0,0.4567,0.1076,0.5593,0.7885
169,1061,0,0.3509,0.1435,0.4726,0.7832
170,1006,0,0.4558,0.1075,0.5583,0.7881
170,1061,0,0.3504,0.1421,0.4736,0.7822
171,1006,0,0.4488,0.1070,0.5575,0.7877
171,1061,0,0.3500,0.1415,0.4741,0.7812
172,1006,0,0.4422,0.1069,0.5565,0.7867
172,1061,0,0.3494,0.1407,0.4727,0.7818
173,1006,0,0.4356,0.1099,0.5554,0.7858
173,1061,0,0.3490,0.1415,0.4725,0.7824
174,1006,0,0.4250,0.1098,0.5543,0.7873
174,1061,0,0.3480,0.1425,0.4724,0.7821
175,1006,0,0.4185,0.1123,0.5531,0.7895
175,1061,0,0.3474,0.1416,0.4695,0.7825
176,1006,0,0.4160,0.1145,0.5519,0.7902
176,1061,0,0.3468,0.1418,0.4668,0.7824
177,1006,0,0.4115,0.1164,0.5507,0.7885
177,1061,0,0.3464,0.1407,0.4618,0.7822
178,1006,0,0.4120,0.1163,0.5504,0.7895
178,1061,0,0.3461,0.1396,0.4585,0.7824
179,1006,0,0.4104,0.1184,0.5497,0.7888
179,1061,0,0.3455,0.1392,0.4500,0.7824
180,1006,0,0.4126,0.1204,0.5493,0.7875
180,1061,0,0.3453,0.1393,0.4394,0.7830
181,1006,0,0.4124,0.1195,0.5495,0.7870
181,1061,0,0.3462,0.1386,0.4354,0.7837
182,1006,0,0.4118,0.1208,0.5500,0.7875
182,1061,0,0.3474,0.1390,0.4431,0.7843
183,1006,0,0.4125,0.1227,0.5501,0.7887
183,1061,0,0.3454,0.1393,0.4454,0.7832
184,1006,0,0.4102,0.1229,0.5501,0.7884
184,1061,0,0.3445,0.1388,0.4437,0.7826
185,1006,0,0.4061,0.1217,0.5500,0.7887
185,1061,0,0.3441,0.1384,0.4382,0.7823
186,1006,0,0.4029,0.1234,0.5494,0.7887
186,1061,0,0.3446,0.1383,0.4371,0.7827
187,1006,0,0.3923,0.1233,0.5489,0.7879
187,1061,0,0.3461,0.1378,0.4361,0.7832
188,1006,0,0.4038,0.1679,0.5483,0.7883
188,1061,0,0.3389,0.1285,0.4363,0.7833
189,1006,0,0.4074,0.1730,0.5467,0.7894
189,1061,0,0.3335,0.1284,0.4377,0.7840
190,1006,0,0.3821,0.1513,0.5457,0.7904
190,1061,0,0.3267,0.1277,0.4345,0.7855
191,1006,0,0.3944,0.1553,0.5449,0.7911
191,1061,0,0.3277,0.1288,0.4342,0.7843
192,1006,0,0.3650,0.1398,0.5442,0.7898
193,1006,0,0.3542,0.1334,0.5430,0.7913
194,1006,0,0.3500,0.1317,0.5419,0.7916
195,1006,0,0.3479,0.1305,0.5410,0.7919
196,1006,0,0.3446,0.1301,0.5407,0.7918
197,1006,0,0.3462,0.1302,0.5408,0.7903
198,1006,0,0.3479,0.1297,0.5405,0.7901
199,1006,0,0.3484,0.1294,0.5395,0.7900
200,1006,0,0.3485,0.1295,0.5373,0.7909
201,1006,0,0.3494,0.1299,0.5325,0.7914
201,1061,0,0.3445,0.1313,0.4672,0.7881
202,1006,0,0.3492,0.1301,0.5250,0.7909
202,1061,0,0.3447,0.1309,0.4719,0.7882
203,1006,0,0.3460,0.1294,0.5171,0.7923
204,1006,0,0.3435,0.1283,0.5091,0.7932
205,1006,0,0.3421,0.1276,0.5018,0.7930
206,1006,0,0.3410,0.1273,0.4901,0.7954
207,1006,0,0.3401,0.1258,0.4799,0.7985
208,1006,0,0.3402,0.1248,0.4748,0.7974
209,1006,0,0.3394,0.1243,0.4709,0.7993
210,1006,0,0.3374,0.1228,0.4677,0.7967
211,1006,0,0.3391,0.1237,0.4682,0.8146
212,1006,0,0.3426,0.1221,0.4689,0.8231
213,1006,0,0.3318,0.1217,0.4685,0.8264
214,1006,0,0.3249,0.1204,0.4686,0.8283
215,1006,0,0.3200,0.1190,0.4700,0.8281
216,1006,0,0.3161,0.1143,0.4718,0.8273
217,1006,0,0.3147,0.1117,0.4720,0.8281
218,1006,0,0.3143,0.1080,0.4690,0.8283
219,1006,0,0.3145,0.1061,0.4656,0.8294
220,1006,0,0.3163,0.1052,0.4618,0.8297
221,1006,0,0.3192,0.1053,0.4573,0.8287
222,1006,0,0.3187,0.1052,0.4601,0.8277
223,1006,0,0.3152,0.1061,0.4624,0.8263
224,1006,0,0.3057,0.1062,0.4576,0.8263
225,1006,0,0.2942,0.1092,0.4498,0.8258
226,1006,0,0.2784,0.1128,0.4479,0.8247
226,1075,0,0.3867,0.1543,0.4646,0.6858
227,1006,0,0.2627,0.1130,0.4561,0.8253
227,1075,0,0.3873,0.1530,0.4693,0.7081
228,1006,0,0.2508,0.1187,0.4501,0.8269
228,1075,0,0.3865,0.1539,0.4735,0.7113
229,1006,0,0.2417,0.1252,0.4476,0.8275
229,1075,0,0.3834,0.1540,0.4784,0.7162
230,1006,0,0.2356,0.1282,0.4435,0.8273
230,1075,0,0.3807,0.1551,0.4851,0.7239
231,1006,0,0.2338,0.1299,0.4379,0.8289
231,1075,0,0.3785,0.1549,0.4928,0.7426
232,1006,0,0.2319,0.1311,0.4324,0.8301
232,1075,0,0.3788,0.1553,0.5025,0.7520
233,1006,0,0.2318,0.1309,0.4253,0.8286
233,1075,0,0.3807,0.1545,0.5089,0.7610
234,1006,0,0.2325,0.1319,0.4155,0.8274
234,1075,0,0.3839,0.1536,0.5130,0.7689
235,1006,0,0.2312,0.1254,0.3998,0.8296
235,1075,0,0.3878,0.1531,0.5157,0.7725
236,1006,0,0.2291,0.1234,0.3825,0.8279
236,1075,0,0.3884,0.1526,0.5194,0.7744
237,1006,0,0.2251,0.1211,0.3657,0.8253
237,1075,0,0.3928,0.1548,0.5244,0.7709
238,1006,0,0.2172,0.1169,0.3449,0.8242
238,1075,0,0.3954,0.1552,0.5319,0.7692
239,1006,0,0.2079,0.1125,0.3248,0.8253
239,1075,0,0.3944,0.1556,0.5369,0.7711
240,1006,0,0.1981,0.1114,0.3104,0.8259
240,1075,0,0.3937,0.1556,0.5410,0.7696
241,1006,0,0.1884,0.1093,0.3009,0.8274
241,1075,0,0.3946,0.1571,0.5428,0.7688
242,1006,0,0.1793,0.1077,0.2959,0.8317
242,1075,0,0.3953,0.1592,0.5467,0.7653
243,1006,0,0.1592,0.1040,0.2919,0.8344
243,1075,0,0.3942,0.1592,0.5513,0.7648
244,1006,0,0.1344,0.1067,0.2899,0.8318
244,1075,0,0.3940,0.1589,0.5570,0.7650
245,1006,0,0.1153,0.1084,0.2902,0.8318
245,1075,0,0.3947,0.1579,0.5624,0.7679
246,1006,0,0.1014,0.1085,0.2893,0.8313
246,1075,0,0.3915,0.1597,0.5649,0.7675
247,1006,0,0.0940,0.1114,0.2886,0.8293
247,1075,0,0.3941,0.1598,0.5668,0.7689
248,1006,0,0.0910,0.1132,0.2880,0.8292
248,1075,0,0.3979,0.1595,0.5674,0.7695
249,1006,0,0.0885,0.1130,0.2868,0.8283
249,1075,0,0.4053,0.1579,0.5674,0.7710
250,1006,0,0.0873,0.1128,0.2847,0.8273
250,1075,0,0.4110,0.1556,0.5678,0.7721
251,1006,0,0.0874,0.1117,0.2811,0.8271
251,1075,0,0.4203,0.1539,0.5680,0.7729
252,1006,0,0.0879,0.1105,0.2701,0.8267
252,1075,0,0.4302,0.1479,0.5681,0.7735
253,1006,0,0.0882,0.1080,0.2591,0.8245
253,1075,0,0.4407,0.1469,0.5682,0.7747
254,1006,0,0.0864,0.1050,0.2431,0.8239
254,1075,0,0.4546,0.1477,0.5682,0.7742
255,1006,0,0.0820,0.1034,0.2281,0.8238
255,1075,0,0.4678,0.1471,0.5713,0.7750
256,1006,0,0.0766,0.1028,0.2120,0.8249
256,1075,0,0.4788,0.1450,0.5806,0.7762
257,1006,0,0.0705,0.1036,0.2028,0.8246
257,1075,0,0.4868,0.1450,0.5907,0.7749
258,1006,0,0.0641,0.1049,0.1994,0.8247
258,1075,0,0.4951,0.1448,0.5987,0.7734
259,1006,0,0.0568,0.1065,0.1978,0.8309
259,1075,0,0.5013,0.1441,0.6060,0.7739
260,1006,0,0.0510,0.1073,0.1972,0.8301
260,1075,0,0.5077,0.1440,0.6203,0.7754
261,1006,0,0.0466,0.1083,0.1974,0.8295
261,1075,0,0.5122,0.1451,0.6384,0.7743
262,1006,0,0.0421,0.1103,0.1979,0.8291
262,1075,0,0.5137,0.1465,0.6583,0.7736
263,1006,0,0.0379,0.1138,0.1976,0.8293
263,1075,0,0.5146,0.1487,0.6766,0.7722
264,1006,0,0.0346,0.1189,0.1973,0.8290
264,1075,0,0.5147,0.1512,0.6887,0.7705
265,1006,0,0.0307,0.1236,0.1957,0.8286
265,1075,0,0.5146,0.1535,0.6961,0.7694
266,1006,0,0.0276,0.1251,0.1915,0.8269
266,1075,0,0.5147,0.1558,0.7011,0.7694
267,1006,0,0.0233,0.1263,0.1857,0.8239
267,1075,0,0.5173,0.1556,0.7050,0.7692
268,1006,0,0.0198,0.1284,0.1790,0.8224
268,1075,0,0.5218,0.1553,0.7063,0.7701
269,1006,0,0.0176,0.1298,0.1716,0.8215
269,1075,0,0.5280,0.1553,0.7060,0.7699
270,1006,0,0.0162,0.1310,0.1626,0.8182
270,1075,0,0.5376,0.1552,0.7052,0.7680
271,1006,0,0.0145,0.1310,0.1519,0.8137
271,1075,0,0.5486,0.1535,0.7042,0.7664
272,1006,0,0.0116,0.1321,0.1448,0.8038
272,1075,0,0.5611,0.1505,0.7034,0.7652
273,1006,0,0.0093,0.1327,0.1406,0.7974
273,1075,0,0.5764,0.1492,0.7048,0.7646
274,1006,0,0.0067,0.1335,0.1374,0.7974
274,1075,0,0.5917,0.1469,0.7063,0.7645
275,1006,0,0.0037,0.1333,0.1339,0.7979
275,1075,0,0.6086,0.1458,0.7093,0.7658
276,1006,0,0.0017,0.1320,0.1308,0.8012
276,1075,0,0.6227,0.1442,0.7152,0.7658
277,1006,0,0.0003,0.1326,0.1285,0.8026
277,1075,0,0.6309,0.1436,0.7217,0.7713
278,1006,0,0.0000,0.1325,0.1262,0.8001
278,1075,0,0.6379,0.1437,0.7328,0.7708
279,1006,0,0.0000,0.1328,0.1237,0.8002
279,1075,0,0.6420,0.1423,0.7530,0.7728
280,1006,0,0.0000,0.1331,0.1216,0.8003
280,1075,0,0.6451,0.1425,0.7741,0.7701
281,1006,0,0.0000,0.1336,0.1201,0.7977
281,1075,0,0.6475,0.1432,0.7945,0.7681
282,1006,0,0.0000,0.1342,0.1187,0.7956
282,1075,0,0.6491,0.1434,0.8121,0.7670
283,1006,0,0.0000,0.1346,0.1169,0.7944
283,1075,0,0.6490,0.1454,0.8263,0.7659
284,1006,0,0.0000,0.1348,0.1157,0.7936
284,1075,0,0.6477,0.1463,0.8362,0.7651
285,1006,0,0.0000,0.1374,0.1144,0.7941
285,1075,0,0.6485,0.1492,0.8417,0.7671
286,1006,0,0.0000,0.1386,0.1130,0.7950
286,1075,0,0.6487,0.1491,0.8456,0.7669
287,1006,0,0.0000,0.1385,0.1107,0.7961
287,1075,0,0.6505,0.1505,0.8487,0.7668
288,1006,0,0.0000,0.1379,0.1086,0.7969
288,1075,0,0.6551,0.1485,0.8500,0.7677
289,1006,0,0.0000,0.1385,0.1074,0.7971
289,1075,0,0.6593,0.1463,0.8507,0.7685
290,1006,0,0.0000,0.1382,0.1090,0.7969
290,1075,0,0.6673,0.1447,0.8494,0.7678
291,1006,0,0.0000,0.1381,0.1153,0.7954
291,1075,0,0.6763,0.1432,0.8474,0.7664
292,1006,0,0.0000,0.1384,0.1226,0.7943
292,1075,0,0.6876,0.1421,0.8479,0.7673
293,1006,0,0.0000,0.1374,0.1279,0.7928
293,1075,0,0.7007,0.1408,0.8507,0.7685
294,1006,0,0.0000,0.1367,0.1319,0.7919
294,1075,0,0.7165,0.1392,0.8551,0.7710
295,1006,0,0.0000,0.1360,0.1332,0.7890
295,1075,0,0.7299,0.1372,0.8592,0.7716
296,1006,0,0.0000,0.1375,0.1337,0.7866
296,1075,0,0.7428,0.1345,0.8623,0.7704
297,1006,0,0.0000,0.1393,0.1316,0.7855
297,1075,0,0.7522,0.1333,0.8683,0.7707
298,1006,0,0.0000,0.1414,0.1294,0.7819
298,1075,0,0.7598,0.1328,0.8723,0.7696
299,1006,0,0.0000,0.1409,0.1265,0.7796
299,1075,0,0.7670,0.1350,0.8777,0.7655
