# resolution: 1920,1080
frame,track_id,class,x1_norm,y1_norm,x2_norm,y2_norm
0,-1,0,0.0704,0.2061,0.2103,0.8235
0,-1,0,0.7914,0.1777,0.8967,0.7962
1,1162,0,0.0711,0.2051,0.2106,0.8279
1,1163,0,0.7890,0.1794,0.8956,0.7938
2,1162,0,0.0730,0.2047,0.2101,0.8268
2,1163,0,0.7878,0.1807,0.8948,0.7906
3,1162,0,0.0762,0.2046,0.2096,0.8211
3,1163,0,0.7866,0.1808,0.8933,0.7875
4,1162,0,0.0809,0.2038,0.2101,0.8170
4,1163,0,0.7841,0.1805,0.8924,0.7870
5,1162,0,0.0853,0.2036,0.2106,0.8144
5,1163,0,0.7828,0.1786,0.8918,0.7889
6,1162,0,0.0862,0.2036,0.2101,0.8137
6,1163,0,0.7818,0.1782,0.8903,0.7890
7,1162,0,0.0906,0.2036,0.2101,0.8121
7,1163,0,0.7802,0.1776,0.8894,0.7891
8,1162,0,0.0933,0.2032,0.2100,0.8113
8,1163,0,0.7788,0.1772,0.8882,0.7893
9,1162,0,0.0967,0.2032,0.2099,0.8121
9,1163,0,0.7781,0.1760,0.8875,0.7884
10,1162,0,0.0998,0.2037,0.2099,0.8128
10,1163,0,0.7777,0.1758,0.8856,0.7886
11,1162,0,0.1033,0.2039,0.2091,0.8106
11,1163,0,0.7768,0.1755,0.8846,0.7897
12,1162,0,0.1042,0.2042,0.2085,0.8099
12,1163,0,0.7756,0.1754,0.8840,0.7905
13,1162,0,0.1037,0.2044,0.2083,0.8122
13,1163,0,0.7739,0.1745,0.8839,0.7914
14,1162,0,0.1020,0.2055,0.2061,0.8127
14,1163,0,0.7718,0.1714,0.8811,0.7920
15,1162,0,0.1002,0.2072,0.2058,0.8133
15,1163,0,0.7682,0.1697,0.8788,0.7922
16,1162,0,0.0988,0.2086,0.2073,0.8121
16,1163,0,0.7641,0.1689,0.8753,0.7924
17,1162,0,0.0973,0.2080,0.2076,0.8120
17,1163,0,0.7610,0.1690,0.8716,0.7921
18,1162,0,0.0957,0.2081,0.2081,0.8134
18,1163,0,0.7589,0.1684,0.8686,0.7922
19,1162,0,0.0965,0.2090,0.2084,0.8149
19,1163,0,0.7563,0.1684,0.8624,0.7923
20,1162,0,0.0955,0.2101,0.2084,0.8147
20,1163,0,0.7526,0.1691,0.8567,0.7927
21,1162,0,0.0950,0.2109,0.2082,0.8141
21,1163,0,0.7497,0.1698,0.8533,0.7921
22,1162,0,0.0955,0.2110,0.2083,0.8140
22,1163,0,0.7481,0.1691,0.8507,0.7919
23,1162,0,0.0955,0.2102,0.2084,0.8138
23,1163,0,0.7463,0.1705,0.8477,0.7907
24,1162,0,0.0971,0.2101,0.2083,0.8141
24,1163,0,0.7446,0.1699,0.8450,0.7920
25,1162,0,0.0950,0.2106,0.2082,0.8141
25,1163,0,0.7425,0.1699,0.8426,0.7928
26,1162,0,0.0963,0.2110,0.2082,0.8124
26,1163,0,0.7395,0.1702,0.8407,0.7944
27,1162,0,0.0896,0.2119,0.2076,0.8124
27,1163,0,0.7337,0.1712,0.8386,0.7938
28,1163,0,0.7333,0.1729,0.8366,0.7942
29,1163,0,0.7302,0.1746,0.8351,0.7931
29,1006,0,0.0801,0.2125,0.2075,0.8125
30,1163,0,0.7198,0.1766,0.8343,0.7924
30,1006,0,0.0794,0.2135,0.2088,0.8104
31,1163,0,0.7139,0.1792,0.8339,0.7919
31,1006,0,0.0774,0.2138,0.2080,0.8110
32,1163,0,0.7107,0.1800,0.8340,0.7920
32,1006,0,0.0789,0.2143,0.2064,0.8108
33,1163,0,0.7078,0.1813,0.8331,0.7916
33,1006,0,0.0789,0.2148,0.2035,0.8121
34,1163,0,0.7025,0.1810,0.8337,0.7913
34,1006,0,0.0798,0.2145,0.2028,0.8118
35,1163,0,0.7008,0.1812,0.8339,0.7910
35,1006,0,0.0801,0.2146,0.2028,0.8123
36,1163,0,0.7002,0.1812,0.8318,0.7905
36,1006,0,0.0794,0.2150,0.2041,0.8115
37,1163,0,0.7027,0.1808,0.8307,0.7904
37,1006,0,0.0778,0.2142,0.2052,0.8116
38,1163,0,0.7036,0.1812,0.8302,0.7906
38,1006,0,0.0770,0.2141,0.2059,0.8114
39,1163,0,0.7050,0.1834,0.8292,0.7904
39,1006,0,0.0766,0.2147,0.2059,0.8108
40,1163,0,0.7032,0.1868,0.8263,0.7906
40,1006,0,0.0754,0.2148,0.2061,0.8109
41,1163,0,0.7018,0.1900,0.8256,0.7900
41,1006,0,0.0748,0.2142,0.2064,0.8110
42,1163,0,0.6997,0.1910,0.8239,0.7892
42,1006,0,0.0747,0.2123,0.2013,0.8098
43,1163,0,0.6961,0.1912,0.8207,0.7879
43,1006,0,0.0749,0.2113,0.1983,0.8084
44,1163,0,0.6940,0.1912,0.8165,0.7879
44,1006,0,0.0754,0.2119,0.1990,0.8099
45,1163,0,0.6916,0.1908,0.8140,0.7881
45,1006,0,0.0759,0.2118,0.1998,0.8103
46,1163,0,0.6892,0.1885,0.8108,0.7872
46,1006,0,0.0766,0.2119,0.2032,0.8110
47,1163,0,0.6875,0.1870,0.8069,0.7882
47,1006,0,0.0769,0.2120,0.2049,0.8110
48,1163,0,0.6858,0.1856,0.8032,0.7874
48,1006,0,0.0776,0.2121,0.2055,0.8110
49,1163,0,0.6837,0.1853,0.7979,0.7863
49,1006,0,0.0790,0.2113,0.2066,0.8102
50,1163,0,0.6820,0.1861,0.7940,0.7870
50,1006,0,0.0800,0.2104,0.2071,0.8102
51,1163,0,0.6811,0.1861,0.7898,0.7878
51,1006,0,0.0800,0.2109,0.2062,0.8112
52,1163,0,0.6775,0.1851,0.7846,0.7903
52,1006,0,0.0808,0.2107,0.2058,0.8115
53,1163,0,0.6729,0.1851,0.7831,0.7868
53,1006,0,0.0802,0.2099,0.2050,0.8110
54,1163,0,0.6695,0.1854,0.7842,0.7880
54,1006,0,0.0815,0.2100,0.2045,0.8107
55,1163,0,0.6620,0.1874,0.7870,0.7863
55,1006,0,0.0822,0.2096,0.2059,0.8105
56,1163,0,0.6579,0.1911,0.7879,0.7851
56,1006,0,0.0833,0.2097,0.2065,0.8103
57,1163,0,0.6520,0.1925,0.7884,0.7870
57,1006,0,0.0836,0.2098,0.2059,0.8108
58,1163,0,0.6466,0.1933,0.7888,0.7894
58,1006,0,0.0834,0.2107,0.2055,0.8109
59,1163,0,0.6406,0.1925,0.7889,0.7882
59,1006,0,0.0837,0.2105,0.2052,0.8112
60,1163,0,0.6352,0.1919,0.7878,0.7881
60,1006,0,0.0860,0.2105,0.2067,0.8105
61,1163,0,0.6244,0.1898,0.7859,0.7855
61,1006,0,0.0877,0.2109,0.2061,0.8106
62,1163,0,0.6172,0.1886,0.7848,0.7859
62,1006,0,0.0883,0.2106,0.2062,0.8113
63,1163,0,0.6146,0.1886,0.7842,0.7862
63,1006,0,0.0892,0.2113,0.2078,0.8107
64,1163,0,0.6157,0.1896,0.7781,0.7876
64,1006,0,0.0892,0.2115,0.2085,0.8104
65,1163,0,0.6189,0.1900,0.7713,0.7897
65,1006,0,0.0896,0.2119,0.2085,0.8105
66,1163,0,0.6238,0.1906,0.7686,0.7900
66,1006,0,0.0912,0.2121,0.2092,0.8110
67,1163,0,0.6250,0.1909,0.7651,0.7921
67,1006,0,0.0933,0.2112,0.2105,0.8098
68,1163,0,0.6258,0.1911,0.7563,0.7932
68,1006,0,0.0943,0.2106,0.2112,0.8092
69,1163,0,0.6238,0.1893,0.7564,0.7912
69,1006,0,0.0967,0.2092,0.2114,0.8092
70,1163,0,0.6216,0.1871,0.7558,0.7900
70,1006,0,0.1007,0.2089,0.2128,0.8076
71,1163,0,0.6174,0.1857,0.7562,0.7868
71,1006,0,0.0999,0.2087,0.2135,0.8081
72,1163,0,0.6112,0.1847,0.7565,0.7866
72,1006,0,0.1009,0.2086,0.2139,0.8081
73,1163,0,0.6112,0.1843,0.7546,0.7883
73,1006,0,0.1035,0.2077,0.2143,0.8082
74,1163,0,0.6098,0.1839,0.7530,0.7903
74,1006,0,0.1047,0.2065,0.2145,0.8086
75,1163,0,0.6094,0.1837,0.7501,0.7901
75,1006,0,0.1067,0.2060,0.2145,0.8084
76,1163,0,0.6050,0.1820,0.7475,0.7903
76,1006,0,0.1074,0.2059,0.2141,0.8078
77,1163,0,0.6004,0.1802,0.7459,0.7864
77,1006,0,0.1041,0.2056,0.2136,0.8071
78,1163,0,0.5961,0.1795,0.7435,0.7851
78,1006,0,0.1045,0.2055,0.2135,0.8073
79,1163,0,0.5912,0.1784,0.7389,0.7874
79,1006,0,0.1037,0.2051,0.2138,0.8065
80,1163,0,0.5875,0.1801,0.7345,0.7877
80,1006,0,0.1074,0.2049,0.2148,0.8067
81,1163,0,0.5853,0.1822,0.7298,0.7903
81,1006,0,0.1076,0.2046,0.2182,0.8066
82,1163,0,0.5842,0.1828,0.7257,0.7897
82,1006,0,0.1127,0.2046,0.2220,0.8071
83,1163,0,0.5842,0.1826,0.7218,0.7896
83,1006,0,0.1161,0.2047,0.2228,0.8063
84,1163,0,0.5859,0.1838,0.7186,0.7885
84,1006,0,0.1181,0.2047,0.2341,0.8055
85,1163,0,0.5874,0.1844,0.7140,0.7895
85,1006,0,0.1179,0.2051,0.2501,0.8068
86,1163,0,0.5867,0.1860,0.7104,0.7906
86,1006,0,0.1151,0.2045,0.2619,0.8086
87,1163,0,0.5820,0.1857,0.7070,0.7898
87,1006,0,0.1143,0.2054,0.2710,0.8100
88,1163,0,0.5792,0.1858,0.7044,0.7885
88,1006,0,0.1149,0.2057,0.2802,0.8099
89,1163,0,0.5727,0.1883,0.7028,0.7900
89,1006,0,0.1160,0.2062,0.2877,0.8105
90,1163,0,0.5698,0.1895,0.7020,0.7906
90,1006,0,0.1194,0.2064,0.2931,0.8099
91,1163,0,0.5674,0.1927,0.7020,0.7913
91,1006,0,0.1227,0.2062,0.2968,0.8097
92,1163,0,0.5653,0.1931,0.7009,0.7909
92,1006,0,0.1248,0.2071,0.2980,0.8087
93,1163,0,0.5659,0.1930,0.6996,0.7918
93,1006,0,0.1265,0.2083,0.2983,0.8080
94,1163,0,0.5664,0.1923,0.6987,0.7907
94,1006,0,0.1280,0.2097,0.2982,0.8091
95,1163,0,0.5670,0.1918,0.6987,0.7892
95,1006,0,0.1306,0.2104,0.2994,0.8089
96,1163,0,0.5670,0.1899,0.6990,0.7875
96,1006,0,0.1328,0.2121,0.2995,0.8090
97,1163,0,0.5654,0.1898,0.6992,0.7878
97,1006,0,0.1364,0.2119,0.2976,0.8080
98,1163,0,0.5637,0.1904,0.6992,0.7878
98,1006,0,0.1409,0.2114,0.2968,0.8067
99,1163,0,0.5603,0.1915,0.6989,0.7882
99,1006,0,0.1444,0.2118,0.2901,0.8061
100,1163,0,0.5563,0.1916,0.6980,0.7888
100,1006,0,0.1480,0.2147,0.2968,0.8059
101,1163,0,0.5516,0.1909,0.6967,0.7901
101,1006,0,0.1512,0.2137,0.2990,0.8073
102,1163,0,0.5481,0.1905,0.6938,0.7908
102,1006,0,0.1538,0.2122,0.3002,0.8069
103,1163,0,0.5433,0.1900,0.6900,0.7908
103,1006,0,0.1553,0.2125,0.3007,0.8071
104,1163,0,0.5383,0.1903,0.6860,0.7920
104,1006,0,0.1595,0.2119,0.3004,0.8050
105,1163,0,0.5329,0.1920,0.6830,0.7910
105,1006,0,0.1633,0.2118,0.3000,0.8053
106,1163,0,0.5259,0.1928,0.6792,0.7902
106,1006,0,0.1663,0.2116,0.3001,0.8009
107,1163,0,0.5209,0.1932,0.6752,0.7899
107,1006,0,0.1718,0.2094,0.3004,0.7984
108,1163,0,0.5177,0.1939,0.6720,0.7919
108,1006,0,0.1741,0.2097,0.2953,0.7941
109,1163,0,0.5132,0.1933,0.6660,0.7922
109,1006,0,0.1765,0.2082,0.2947,0.7958
110,1163,0,0.5123,0.1940,0.6573,0.7911
110,1006,0,0.1802,0.2076,0.2950,0.7950
111,1163,0,0.5117,0.1934,0.6515,0.7897
111,1006,0,0.1847,0.2065,0.2967,0.7953
112,1163,0,0.5105,0.1938,0.6437,0.7869
112,1006,0,0.1863,0.2061,0.3017,0.7988
113,1163,0,0.5101,0.1945,0.6352,0.7895
113,1006,0,0.1882,0.2068,0.3056,0.8011
114,1163,0,0.5110,0.1959,0.6305,0.7913
114,1006,0,0.1898,0.2084,0.3129,0.7989
115,1163,0,0.5140,0.1966,0.6284,0.7919
115,1006,0,0.1941,0.2084,0.3240,0.7953
116,1163,0,0.5143,0.1963,0.6269,0.7922
116,1006,0,0.1960,0.2091,0.3310,0.7923
117,1163,0,0.5183,0.1950,0.6261,0.7919
117,1006,0,0.1984,0.2088,0.3375,0.7905
118,1163,0,0.5208,0.1947,0.6241,0.7923
118,1006,0,0.2021,0.2079,0.3403,0.7906
119,1163,0,0.5245,0.1933,0.6231,0.7921
119,1006,0,0.2036,0.2076,0.3477,0.7914
120,1163,0,0.5286,0.1926,0.6223,0.7935
120,1006,0,0.2067,0.2067,0.3529,0.7896
121,1163,0,0.5309,0.1926,0.6221,0.7953
121,1006,0,0.2143,0.2076,0.3605,0.7892
122,1163,0,0.5326,0.1932,0.6211,0.7961
122,1006,0,0.2237,0.2076,0.3629,0.7909
123,1163,0,0.5335,0.1933,0.6204,0.7979
123,1006,0,0.2303,0.2082,0.3644,0.7920
124,1163,0,0.5337,0.1945,0.6188,0.7983
124,1006,0,0.2323,0.2083,0.3650,0.7922
125,1163,0,0.5336,0.1950,0.6180,0.7981
125,1006,0,0.2347,0.2087,0.3643,0.7922
126,1163,0,0.5329,0.1959,0.6181,0.7980
126,1006,0,0.2368,0.2075,0.3636,0.7928
127,1163,0,0.5323,0.1971,0.6172,0.7979
127,1006,0,0.2409,0.2058,0.3586,0.7921
128,1163,0,0.5320,0.1976,0.6166,0.7970
128,1006,0,0.2433,0.2050,0.3612,0.7922
129,1163,0,0.5314,0.1977,0.6174,0.7972
129,1006,0,0.2455,0.2033,0.3619,0.7915
130,1163,0,0.5310,0.1974,0.6173,0.7978
130,1006,0,0.2474,0.2032,0.3584,0.7918
131,1163,0,0.5291,0.1969,0.6160,0.7988
131,1006,0,0.2513,0.2028,0.3535,0.7911
132,1163,0,0.5184,0.1957,0.6122,0.8006
132,1006,0,0.2561,0.2025,0.3528,0.7893
133,1163,0,0.5069,0.1949,0.6122,0.8009
133,1006,0,0.2637,0.2022,0.3594,0.7915
134,1163,0,0.4954,0.1934,0.6094,0.8016
134,1006,0,0.2639,0.2006,0.3625,0.7930
135,1163,0,0.4848,0.1934,0.6073,0.8012
135,1006,0,0.2696,0.1999,0.3640,0.7939
136,1163,0,0.4760,0.1917,0.6061,0.8009
136,1006,0,0.2795,0.1992,0.3646,0.7921
137,1163,0,0.4691,0.1908,0.6042,0.8007
137,1006,0,0.2842,0.1982,0.3665,0.7940
138,1163,0,0.4635,0.1891,0.6023,0.8001
138,1006,0,0.2868,0.1978,0.3687,0.7952
139,1163,0,0.4605,0.1880,0.6007,0.8008
139,1006,0,0.2860,0.1976,0.3751,0.7936
140,1163,0,0.4583,0.1880,0.6000,0.8002
140,1006,0,0.2848,0.1971,0.3820,0.7904
141,1163,0,0.4586,0.1882,0.5993,0.7990
141,1006,0,0.2825,0.1978,0.3891,0.7928
142,1163,0,0.4603,0.1876,0.5986,0.7987
142,1006,0,0.2790,0.1986,0.4056,0.7935
143,1163,0,0.4708,0.1873,0.5978,0.7992
143,1006,0,0.2785,0.1989,0.4152,0.7945
144,1163,0,0.4858,0.1867,0.5977,0.7990
144,1006,0,0.2880,0.1981,0.4257,0.7942
145,1163,0,0.4962,0.1864,0.5965,0.7983
145,1006,0,0.2972,0.1984,0.4332,0.7935
146,1163,0,0.5051,0.1877,0.5948,0.7953
146,1006,0,0.3012,0.2003,0.4300,0.7931
147,1163,0,0.5106,0.1886,0.5931,0.7925
147,1006,0,0.3045,0.2018,0.4364,0.7933
148,1163,0,0.5116,0.1893,0.5931,0.7910
148,1006,0,0.3063,0.2013,0.4431,0.7922
149,1163,0,0.5104,0.1893,0.5946,0.7926
149,1006,0,0.3080,0.2027,0.4493,0.7925
150,1163,0,0.5087,0.1893,0.5955,0.7920
150,1006,0,0.3081,0.2040,0.4382,0.7920
151,1163,0,0.5028,0.1897,0.5964,0.7966
151,1006,0,0.3079,0.2049,0.4252,0.7930
152,1163,0,0.5065,0.1908,0.5971,0.7965
152,1006,0,0.3092,0.2047,0.4212,0.7957
153,1163,0,0.5057,0.1909,0.5971,0.7969
153,1006,0,0.3103,0.2046,0.4199,0.7976
154,1163,0,0.5018,0.1909,0.5967,0.7994
154,1006,0,0.3113,0.2045,0.4199,0.7989
155,1163,0,0.4987,0.1912,0.5959,0.8007
155,1006,0,0.3121,0.2041,0.4203,0.7989
156,1163,0,0.4954,0.1924,0.5941,0.8024
156,1006,0,0.3130,0.2039,0.4212,0.7997
157,1163,0,0.4940,0.1937,0.5929,0.8028
157,1006,0,0.3141,0.2030,0.4236,0.7993
158,1163,0,0.4935,0.1934,0.5922,0.8022
158,1006,0,0.3177,0.2030,0.4254,0.7960
159,1163,0,0.4924,0.1943,0.5917,0.8023
159,1006,0,0.3215,0.2035,0.4285,0.7939
160,1163,0,0.4896,0.1938,0.5907,0.8021
160,1006,0,0.3236,0.2044,0.4313,0.7887
161,1163,0,0.4864,0.1938,0.5898,0.8000
161,1006,0,0.3256,0.2051,0.4339,0.7855
162,1163,0,0.4844,0.1929,0.5875,0.7991
162,1006,0,0.3278,0.2052,0.4355,0.7812
163,1163,0,0.4830,0.1935,0.5851,0.7984
163,1006,0,0.3302,0.2049,0.4366,0.7765
164,1163,0,0.4822,0.1927,0.5837,0.7988
164,1006,0,0.3318,0.2056,0.4387,0.7792
165,1163,0,0.4813,0.1939,0.5821,0.7986
165,1006,0,0.3325,0.2052,0.4405,0.7805
166,1163,0,0.4796,0.1937,0.5808,0.7986
166,1006,0,0.3337,0.2052,0.4431,0.7859
167,1163,0,0.4784,0.1937,0.5799,0.7997
167,1006,0,0.3347,0.2049,0.4489,0.7859
168,1163,0,0.4773,0.1951,0.5802,0.8014
168,1006,0,0.3375,0.2053,0.4578,0.7913
169,1163,0,0.4769,0.1947,0.5784,0.8031
169,1006,0,0.3393,0.2055,0.4630,0.7933
170,1163,0,0.4781,0.1969,0.5770,0.8032
170,1006,0,0.3417,0.2053,0.4665,0.7948
171,1163,0,0.4786,0.1965,0.5745,0.8040
171,1006,0,0.3431,0.2044,0.4669,0.7948
172,1163,0,0.4786,0.1951,0.5670,0.8041
172,1006,0,0.3481,0.2031,0.4682,0.7944
173,1163,0,0.4779,0.1962,0.5635,0.8026
173,1006,0,0.3520,0.2023,0.4685,0.7947
174,1163,0,0.4769,0.1980,0.5612,0.8052
174,1006,0,0.3550,0.2016,0.4679,0.7945
175,1163,0,0.4750,0.1970,0.5599,0.8096
175,1006,0,0.3555,0.2011,0.4668,0.7937
176,1163,0,0.4742,0.1951,0.5591,0.8105
176,1006,0,0.3579,0.2011,0.4666,0.7943
177,1163,0,0.4728,0.1948,0.5591,0.8102
177,1006,0,0.3592,0.2010,0.4667,0.7953
178,1163,0,0.4720,0.1951,0.5578,0.8123
178,1006,0,0.3607,0.2009,0.4660,0.7962
179,1163,0,0.4715,0.1950,0.5564,0.8163
179,1006,0,0.3624,0.2005,0.4662,0.7963
180,1163,0,0.4712,0.1969,0.5559,0.8152
180,1006,0,0.3625,0.2003,0.4658,0.7963
181,1163,0,0.4689,0.1955,0.5550,0.8166
181,1006,0,0.3619,0.2005,0.4661,0.7962
182,1163,0,0.4676,0.1930,0.5538,0.8200
182,1006,0,0.3611,0.2000,0.4660,0.7966
183,1163,0,0.4649,0.1902,0.5546,0.8229
183,1006,0,0.3591,0.1997,0.4666,0.7973
184,1163,0,0.4625,0.1893,0.5550,0.8237
184,1006,0,0.3590,0.1997,0.4667,0.7976
185,1163,0,0.4599,0.1888,0.5549,0.8244
185,1006,0,0.3598,0.1999,0.4672,0.7979
186,1163,0,0.4575,0.1873,0.5528,0.8259
186,1006,0,0.3595,0.2002,0.4672,0.7983
187,1163,0,0.4556,0.1872,0.5525,0.8255
187,1006,0,0.3606,0.2004,0.4674,0.7987
188,1163,0,0.4531,0.1870,0.5528,0.8267
188,1006,0,0.3613,0.2008,0.4671,0.7993
189,1163,0,0.4511,0.1852,0.5541,0.8272
189,1006,0,0.3613,0.2006,0.4675,0.8000
190,1163,0,0.4491,0.1837,0.5547,0.8264
190,1006,0,0.3609,0.2006,0.4675,0.8008
191,1163,0,0.4482,0.1826,0.5536,0.8264
191,1006,0,0.3615,0.2007,0.4674,0.8007
192,1163,0,0.4461,0.1817,0.5519,0.8274
192,1006,0,0.3611,0.2002,0.4677,0.8008
193,1163,0,0.4441,0.1825,0.5454,0.8249
193,1006,0,0.3580,0.2019,0.4664,0.7978
194,1163,0,0.4407,0.1833,0.5423,0.8232
194,1006,0,0.3590,0.1999,0.4673,0.7987
195,1163,0,0.4365,0.1856,0.5472,0.8279
195,1006,0,0.3583,0.2013,0.4663,0.7976
196,1163,0,0.4338,0.1863,0.5473,0.8298
196,1006,0,0.3567,0.2022,0.4658,0.7978
197,1163,0,0.4296,0.1870,0.5492,0.8303
197,1006,0,0.3547,0.2031,0.4663,0.7983
198,1163,0,0.4292,0.1871,0.5480,0.8304
198,1006,0,0.3534,0.2024,0.4662,0.7985
199,1163,0,0.4288,0.1869,0.5491,0.8310
199,1006,0,0.3517,0.2028,0.4663,0.7989
200,1163,0,0.4308,0.1882,0.5510,0.8331
200,1006,0,0.3542,0.2010,0.4672,0.7991
201,1163,0,0.4308,0.1873,0.5512,0.8339
201,1006,0,0.3536,0.2014,0.4666,0.7978
202,1163,0,0.4307,0.1877,0.5508,0.8315
202,1006,0,0.3525,0.2012,0.4664,0.7973
203,1163,0,0.4319,0.1871,0.5517,0.8295
203,1006,0,0.3520,0.2014,0.4659,0.7965
204,1163,0,0.4338,0.1874,0.5513,0.8287
204,1006,0,0.3522,0.2017,0.4655,0.7958
205,1163,0,0.4342,0.1874,0.5515,0.8283
205,1006,0,0.3523,0.2021,0.4656,0.7957
206,1163,0,0.4329,0.1867,0.5546,0.8272
206,1006,0,0.3520,0.2023,0.4654,0.7956
207,1163,0,0.4323,0.1899,0.5559,0.8266
207,1006,0,0.3520,0.2022,0.4654,0.7955
208,1163,0,0.4319,0.1912,0.5564,0.8261
208,1006,0,0.3521,0.2026,0.4653,0.7950
209,1163,0,0.4358,0.1954,0.5569,0.8255
209,1006,0,0.3526,0.2028,0.4652,0.7949
210,1163,0,0.4322,0.1948,0.5576,0.8247
210,1006,0,0.3536,0.2027,0.4651,0.7949
211,1163,0,0.4289,0.1938,0.5576,0.8248
211,1006,0,0.3536,0.2028,0.4655,0.7948
212,1163,0,0.4271,0.1932,0.5576,0.8243
212,1006,0,0.3538,0.2028,0.4656,0.7943
213,1163,0,0.4332,0.1934,0.5573,0.8257
213,1006,0,0.3534,0.2035,0.4656,0.7937
214,1163,0,0.4378,0.1925,0.5561,0.8254
214,1006,0,0.3526,0.2036,0.4657,0.7935
215,1163,0,0.4400,0.1939,0.5559,0.8255
215,1006,0,0.3529,0.2034,0.4653,0.7932
216,1163,0,0.4402,0.1953,0.5550,0.8247
216,1006,0,0.3512,0.2036,0.4643,0.7926
217,1163,0,0.4399,0.1960,0.5541,0.8231
217,1006,0,0.3517,0.2037,0.4643,0.7923
218,1163,0,0.4410,0.1965,0.5535,0.8234
218,1006,0,0.3510,0.2032,0.4641,0.7923
219,1163,0,0.4436,0.1985,0.5539,0.8199
219,1006,0,0.3522,0.2035,0.4644,0.7922
220,1163,0,0.4452,0.2003,0.5544,0.8151
220,1006,0,0.3538,0.2042,0.4646,0.7923
221,1163,0,0.4467,0.1990,0.5542,0.8104
221,1006,0,0.3554,0.2043,0.4647,0.7925
222,1163,0,0.4492,0.2002,0.5534,0.8017
222,1006,0,0.3588,0.2039,0.4663,0.7934
223,1163,0,0.4498,0.2007,0.5534,0.7989
223,1006,0,0.3606,0.2040,0.4670,0.7934
224,1163,0,0.4483,0.2022,0.5533,0.7994
224,1006,0,0.3621,0.2040,0.4672,0.7941
225,1163,0,0.4483,0.2027,0.5532,0.7970
225,1006,0,0.3633,0.2038,0.4674,0.7940
226,1163,0,0.4469,0.2014,0.5546,0.7939
226,1006,0,0.3635,0.2045,0.4680,0.7939
227,1163,0,0.4482,0.1995,0.5560,0.7933
227,1006,0,0.3640,0.2053,0.4678,0.7941
228,1163,0,0.4457,0.1998,0.5568,0.7898
228,1006,0,0.3646,0.2054,0.4680,0.7934
229,1163,0,0.4446,0.1999,0.5573,0.7873
229,1006,0,0.3647,0.2059,0.4679,0.7930
230,1163,0,0.4438,0.1998,0.5583,0.7870
230,1006,0,0.3658,0.2062,0.4680,0.7929
231,1163,0,0.4441,0.2007,0.5583,0.7880
231,1006,0,0.3658,0.2058,0.4683,0.7929
232,1163,0,0.4462,0.2016,0.5596,0.7896
232,1006,0,0.3654,0.2053,0.4682,0.7935
233,1163,0,0.4465,0.2023,0.5605,0.7901
233,1006,0,0.3648,0.2054,0.4683,0.7937
234,1163,0,0.4471,0.2024,0.5617,0.7906
234,1006,0,0.3637,0.2051,0.4683,0.7938
235,1163,0,0.4468,0.2025,0.5609,0.7915
235,1006,0,0.3629,0.2047,0.4681,0.7942
236,1163,0,0.4460,0.2015,0.5609,0.7982
236,1006,0,0.3626,0.2045,0.4678,0.7949
237,1163,0,0.4458,0.2017,0.5612,0.7962
237,1006,0,0.3628,0.2041,0.4679,0.7950
238,1163,0,0.4464,0.2010,0.5624,0.8001
238,1006,0,0.3627,0.2041,0.4676,0.7953
239,1163,0,0.4468,0.2017,0.5623,0.7950
239,1006,0,0.3619,0.2041,0.4676,0.7946
240,1163,0,0.4469,0.2013,0.5633,0.7934
240,1006,0,0.3629,0.2041,0.4673,0.7943
241,1163,0,0.4466,0.2017,0.5642,0.7955
241,1006,0,0.3635,0.2039,0.4674,0.7946
242,1163,0,0.4461,0.2010,0.5654,0.7963
242,1006,0,0.3631,0.2037,0.4672,0.7949
243,1163,0,0.4461,0.2005,0.5665,0.7950
243,1006,0,0.3624,0.2043,0.4671,0.7947
244,1163,0,0.4461,0.2002,0.5682,0.7926
244,1006,0,0.3614,0.2043,0.4667,0.7943
245,1163,0,0.4461,0.1999,0.5697,0.7920
245,1006,0,0.3609,0.2046,0.4666,0.7943
246,1163,0,0.4462,0.1999,0.5706,0.7949
246,1006,0,0.3608,0.2045,0.4666,0.7948
247,1163,0,0.4480,0.2000,0.5700,0.7961
247,1006,0,0.3611,0.2038,0.4666,0.7953
248,1163,0,0.4477,0.2005,0.5701,0.7961
248,1006,0,0.3612,0.2034,0.4660,0.7951
249,1163,0,0.4495,0.2008,0.5706,0.7995
249,1006,0,0.3613,0.2035,0.4664,0.7952
250,1163,0,0.4546,0.2013,0.5701,0.8014
250,1006,0,0.3627,0.2038,0.4676,0.7963
251,1163,0,0.4574,0.2026,0.5688,0.8027
251,1006,0,0.3621,0.2034,0.4677,0.7946
252,1163,0,0.4595,0.2031,0.5683,0.8045
252,1006,0,0.3614,0.2029,0.4675,0.7904
253,1163,0,0.4616,0.2035,0.5685,0.7990
253,1006,0,0.3619,0.2025,0.4688,0.7875
254,1163,0,0.4604,0.2037,0.5682,0.7945
254,1006,0,0.3607,0.2036,0.4709,0.7854
255,1163,0,0.4554,0.2033,0.5676,0.7927
255,1006,0,0.3596,0.2038,0.4777,0.7831
256,1163,0,0.4484,0.2042,0.5684,0.7930
256,1006,0,0.3611,0.2042,0.4811,0.7801
257,1163,0,0.4437,0.2035,0.5690,0.7934
257,1006,0,0.3622,0.2062,0.4853,0.7787
258,1163,0,0.4412,0.2022,0.5690,0.7942
258,1006,0,0.3636,0.2067,0.4890,0.7799
259,1163,0,0.4412,0.2026,0.5696,0.7983
259,1006,0,0.3651,0.2066,0.4904,0.7825
260,1163,0,0.4446,0.2018,0.5697,0.7962
260,1006,0,0.3680,0.2057,0.4908,0.7830
261,1163,0,0.4473,0.2024,0.5695,0.7969
261,1006,0,0.3755,0.2054,0.4915,0.7841
262,1163,0,0.4474,0.2021,0.5696,0.7976
262,1006,0,0.3799,0.2036,0.4920,0.7854
263,1163,0,0.4467,0.2013,0.5702,0.7931
263,1006,0,0.3817,0.2026,0.4922,0.7863
264,1163,0,0.4459,0.2003,0.5709,0.7958
264,1006,0,0.3822,0.2012,0.4915,0.7863
265,1163,0,0.4450,0.1990,0.5706,0.8021
265,1006,0,0.3854,0.1993,0.4909,0.7870
266,1163,0,0.4441,0.1970,0.5694,0.8053
266,1006,0,0.3876,0.1983,0.4908,0.7868
267,1163,0,0.4523,0.1968,0.5678,0.7997
267,1006,0,0.3885,0.1981,0.4950,0.7871
268,1163,0,0.4685,0.1971,0.5661,0.7988
268,1006,0,0.3897,0.1964,0.4961,0.7873
269,1163,0,0.4723,0.1969,0.5637,0.7997
269,1006,0,0.3902,0.1941,0.4951,0.7865
270,1163,0,0.4681,0.1969,0.5611,0.8018
270,1006,0,0.3897,0.1929,0.4945,0.7869
271,1163,0,0.4611,0.1981,0.5616,0.8066
271,1006,0,0.3907,0.1928,0.4918,0.7858
272,1163,0,0.4527,0.1984,0.5612,0.8127
272,1006,0,0.3903,0.1938,0.4883,0.7826
273,1163,0,0.4530,0.1985,0.5612,0.8094
273,1006,0,0.3907,0.1953,0.4874,0.7786
274,1163,0,0.4498,0.1955,0.5586,0.8066
274,1006,0,0.3954,0.1913,0.4878,0.7689
275,1163,0,0.4502,0.1952,0.5576,0.8057
275,1006,0,0.3989,0.1888,0.4883,0.7672
276,1163,0,0.4499,0.1966,0.5564,0.8086
276,1006,0,0.3996,0.1892,0.4875,0.7714
277,1163,0,0.4438,0.1958,0.5553,0.8076
278,1163,0,0.4165,0.1950,0.5535,0.8019
279,1163,0,0.4075,0.1946,0.5536,0.8029
280,1163,0,0.4054,0.1951,0.5467,0.7964
281,1163,0,0.4063,0.1962,0.5495,0.7952
282,1163,0,0.4087,0.1974,0.5524,0.8066
283,1163,0,0.4091,0.1973,0.5545,0.8099
284,1163,0,0.4117,0.1983,0.5551,0.8131
285,1163,0,0.4122,0.1985,0.5617,0.8143
286,1163,0,0.4124,0.1981,0.5621,0.8105
287,1163,0,0.4021,0.1983,0.5689,0.8022
288,1163,0,0.3947,0.1982,0.5645,0.8065
289,1163,0,0.3911,0.1972,0.5550,0.8119
290,1163,0,0.3873,0.1968,0.5468,0.8114
291,1163,0,0.3852,0.1974,0.5388,0.8114
291,1221,0,0.4818,0.1933,0.5625,0.7659
292,1163,0,0.3870,0.1973,0.5269,0.8158
292,1221,0,0.4790,0.1835,0.5653,0.7605
293,1163,0,0.3920,0.1958,0.5182,0.8206
293,1221,0,0.4770,0.1799,0.5694,0.7624
294,1163,0,0.3816,0.1954,0.5123,0.8163
294,1221,0,0.4794,0.1880,0.5745,0.7687
295,1163,0,0.3847,0.1946,0.5041,0.8171
295,1221,0,0.4782,0.1884,0.5775,0.7786
296,1163,0,0.3804,0.1938,0.4994,0.8189
296,1221,0,0.4792,0.1875,0.5803,0.7773
297,1163,0,0.3695,0.1926,0.4964,0.8201
297,1221,0,0.4833,0.1865,0.5832,0.7737
298,1163,0,0.3614,0.1942,0.4948,0.8171
298,1221,0,0.4852,0.1864,0.5849,0.7729
299,1163,0,0.3669,0.1957,0.4936,0.8167
299,1221,0,0.4838,0.1872,0.5867,0.7680
300,1163,0,0.3584,0.1974,0.4931,0.8162
300,1221,0,0.4832,0.1879,0.5890,0.7713
301,1163,0,0.3524,0.1978,0.4938,0.8196
301,1221,0,0.4858,0.1854,0.5917,0.7754
302,1163,0,0.3486,0.1966,0.4940,0.8207
302,1221,0,0.4884,0.1866,0.5972,0.7728
303,1163,0,0.3462,0.1971,0.4952,0.8219
303,1221,0,0.4920,0.1858,0.6049,0.7701
304,1163,0,0.3437,0.1955,0.4961,0.8236
304,1221,0,0.4948,0.1844,0.6237,0.7691
305,1163,0,0.3412,0.2001,0.4963,0.8197
305,1221,0,0.5000,0.1872,0.6429,0.7707
306,1163,0,0.3387,0.2032,0.4961,0.8143
306,1221,0,0.5088,0.1899,0.6566,0.7709
307,1163,0,0.3357,0.2051,0.4969,0.8154
307,1221,0,0.5153,0.1906,0.6691,0.7691
308,1163,0,0.3332,0.2069,0.4973,0.8173
308,1221,0,0.5223,0.1920,0.6797,0.7689
309,1163,0,0.3294,0.2084,0.4969,0.8182
309,1221,0,0.5262,0.1916,0.6865,0.7702
310,1163,0,0.3245,0.2089,0.4949,0.8189
310,1221,0,0.5290,0.1919,0.6895,0.7722
311,1163,0,0.3204,0.2081,0.4922,0.8189
311,1221,0,0.5309,0.1900,0.6909,0.7701
312,1163,0,0.3165,0.2073,0.4897,0.8202
312,1221,0,0.5320,0.1885,0.6925,0.7725
313,1163,0,0.3128,0.2075,0.4863,0.8214
313,1221,0,0.5327,0.1844,0.6928,0.7738
314,1163,0,0.3093,0.2069,0.4834,0.8208
314,1221,0,0.5349,0.1820,0.6927,0.7753
315,1163,0,0.3065,0.2099,0.4719,0.8145
315,1221,0,0.5454,0.1799,0.6934,0.7788
316,1163,0,0.3091,0.2112,0.4624,0.8142
316,1221,0,0.5545,0.1776,0.6926,0.7785
317,1163,0,0.3130,0.2143,0.4533,0.8117
317,1221,0,0.5626,0.1764,0.6908,0.7774
318,1163,0,0.3145,0.2155,0.4499,0.8107
318,1221,0,0.5651,0.1762,0.6894,0.7767
319,1163,0,0.3222,0.2158,0.4322,0.8097
319,1221,0,0.5810,0.1745,0.6903,0.7755
320,1163,0,0.3237,0.2163,0.4160,0.8070
320,1221,0,0.5915,0.1721,0.6906,0.7759
321,1163,0,0.3242,0.2165,0.4112,0.8070
321,1221,0,0.5954,0.1705,0.6908,0.7754
322,1163,0,0.3186,0.2167,0.4026,0.8080
322,1221,0,0.5964,0.1690,0.6934,0.7760
323,1163,0,0.3132,0.2167,0.3986,0.8077
323,1221,0,0.6005,0.1680,0.6972,0.7766
324,1163,0,0.3056,0.2152,0.3963,0.8069
324,1221,0,0.6035,0.1680,0.7022,0.7730
325,1163,0,0.2973,0.2146,0.3946,0.8052
325,1221,0,0.6089,0.1677,0.7059,0.7752
326,1163,0,0.2914,0.2169,0.3952,0.8060
326,1221,0,0.6184,0.1661,0.7285,0.7751
327,1163,0,0.2893,0.2178,0.3956,0.8063
327,1221,0,0.6217,0.1656,0.7363,0.7756
328,1163,0,0.2876,0.2190,0.3942,0.8070
328,1221,0,0.6278,0.1684,0.7530,0.7745
329,1163,0,0.2854,0.2195,0.3922,0.8071
329,1221,0,0.6287,0.1689,0.7648,0.7760
330,1163,0,0.2846,0.2197,0.3916,0.8072
330,1221,0,0.6288,0.1693,0.7693,0.7763
331,1163,0,0.2808,0.2187,0.3900,0.8076
331,1221,0,0.6319,0.1705,0.7789,0.7764
332,1163,0,0.2780,0.2153,0.3850,0.8080
332,1221,0,0.6351,0.1718,0.7845,0.7760
333,1163,0,0.2690,0.2156,0.3768,0.8061
333,1221,0,0.6367,0.1732,0.7899,0.7772
334,1163,0,0.2658,0.2157,0.3739,0.8052
334,1221,0,0.6372,0.1738,0.7919,0.7777
335,1163,0,0.2604,0.2156,0.3631,0.8070
335,1221,0,0.6392,0.1740,0.7926,0.7748
336,1163,0,0.2537,0.2157,0.3554,0.8079
336,1221,0,0.6414,0.1724,0.7926,0.7739
337,1163,0,0.2497,0.2165,0.3495,0.8075
337,1221,0,0.6450,0.1718,0.7939,0.7743
338,1163,0,0.2459,0.2162,0.3458,0.8067
338,1221,0,0.6520,0.1703,0.7928,0.7750
339,1163,0,0.2420,0.2161,0.3425,0.8064
339,1221,0,0.6609,0.1704,0.7935,0.7730
340,1163,0,0.2409,0.2159,0.3422,0.8050
340,1221,0,0.6638,0.1702,0.7936,0.7727
341,1163,0,0.2376,0.2186,0.3399,0.8052
341,1221,0,0.6772,0.1707,0.7926,0.7665
342,1163,0,0.2354,0.2223,0.3391,0.8055
342,1221,0,0.6902,0.1686,0.7956,0.7631
343,1163,0,0.2337,0.2258,0.3390,0.8057
343,1221,0,0.7024,0.1674,0.8013,0.7596
344,1163,0,0.2323,0.2267,0.3394,0.8043
344,1221,0,0.7126,0.1654,0.8070,0.7595
345,1163,0,0.2304,0.2286,0.3393,0.8049
345,1221,0,0.7170,0.1643,0.8126,0.7676
346,1163,0,0.2286,0.2292,0.3394,0.8056
346,1221,0,0.7214,0.1625,0.8172,0.7699
347,1163,0,0.2252,0.2290,0.3388,0.8059
347,1221,0,0.7270,0.1628,0.8275,0.7690
348,1163,0,0.2224,0.2306,0.3371,0.8044
348,1221,0,0.7351,0.1621,0.8434,0.7667
349,1163,0,0.2193,0.2306,0.3341,0.8029
349,1221,0,0.7377,0.1626,0.8602,0.7705
350,1163,0,0.2182,0.2304,0.3314,0.8040
350,1221,0,0.7332,0.1628,0.8765,0.7696
351,1163,0,0.2164,0.2290,0.3281,0.8041
351,1221,0,0.7328,0.1649,0.8863,0.7661
352,1163,0,0.2144,0.2275,0.3236,0.8009
352,1221,0,0.7346,0.1653,0.8968,0.7649
353,1163,0,0.2103,0.2270,0.3182,0.7968
353,1221,0,0.7365,0.1665,0.9025,0.7645
354,1163,0,0.2070,0.2271,0.3100,0.7970
354,1221,0,0.7389,0.1681,0.9059,0.7674
355,1163,0,0.2042,0.2284,0.2986,0.7965
355,1221,0,0.7399,0.1690,0.9087,0.7670
356,1163,0,0.2008,0.2289,0.2877,0.7928
356,1221,0,0.7397,0.1687,0.9122,0.7695
357,1163,0,0.1976,0.2291,0.2823,0.7933
357,1221,0,0.7406,0.1656,0.9146,0.7692
358,1163,0,0.1952,0.2301,0.2801,0.7985
358,1221,0,0.7428,0.1624,0.9154,0.7692
359,1163,0,0.1931,0.2314,0.2789,0.7977
359,1221,0,0.7451,0.1607,0.9149,0.7701
360,1163,0,0.1891,0.2310,0.2794,0.7994
360,1221,0,0.7481,0.1576,0.9161,0.7704
361,1163,0,0.1825,0.2312,0.2798,0.8004
361,1221,0,0.7543,0.1554,0.9173,0.7712
362,1163,0,0.1734,0.2312,0.2796,0.7988
362,1221,0,0.7616,0.1552,0.9166,0.7711
363,1163,0,0.1651,0.2313,0.2797,0.7997
363,1221,0,0.7708,0.1528,0.9164,0.7712
364,1163,0,0.1596,0.2322,0.2806,0.8029
364,1221,0,0.7802,0.1518,0.9164,0.7714
365,1163,0,0.1558,0.2338,0.2818,0.8049
365,1221,0,0.7899,0.1540,0.9142,0.7703
366,1163,0,0.1547,0.2343,0.2818,0.8019
366,1221,0,0.7955,0.1540,0.9140,0.7723
367,1163,0,0.1540,0.2333,0.2790,0.8034
367,1221,0,0.7994,0.1522,0.9135,0.7708
368,1163,0,0.1536,0.2347,0.2775,0.8047
368,1221,0,0.8032,0.1515,0.9145,0.7717
369,1163,0,0.1548,0.2344,0.2735,0.8049
369,1221,0,0.8066,0.1518,0.9171,0.7706
370,1163,0,0.1538,0.2342,0.2717,0.8036
370,1221,0,0.8100,0.1511,0.9175,0.7686
371,1163,0,0.1504,0.2323,0.2676,0.8024
371,1221,0,0.8135,0.1514,0.9236,0.7682
372,1163,0,0.1459,0.2339,0.2631,0.8020
372,1221,0,0.8180,0.1505,0.9397,0.7673
373,1163,0,0.1421,0.2331,0.2589,0.8024
373,1221,0,0.8229,0.1508,0.9534,0.7682
374,1163,0,0.1379,0.2336,0.2521,0.8006
374,1221,0,0.8266,0.1516,0.9639,0.7682
