# resolution: 1080,1920
frame,track_id,class,x1_norm,y1_norm,x2_norm,y2_norm
22,-1,0,0.0016,0.4778,0.2039,0.8034
24,4654,0,0.0024,0.4399,0.1720,0.7199
25,4654,0,0.0027,0.3877,0.1825,0.7263
25,4655,0,0.7753,0.2568,1.0000,0.8765
26,4655,0,0.7325,0.2518,1.0000,0.8686
27,4654,0,0.0023,0.3111,0.2144,0.7853
27,4655,0,0.6998,0.2454,1.0000,0.8655
28,4654,0,0.0020,0.2689,0.2262,0.8087
28,4655,0,0.6833,0.2373,1.0000,0.8662
29,4654,0,0.0006,0.1968,0.2283,0.8216
29,4655,0,0.6808,0.2335,1.0000,0.8659
30,4654,0,0.0008,0.1536,0.2450,0.8262
30,4655,0,0.6772,0.2145,1.0000,0.8662
31,4654,0,0.0003,0.1353,0.2529,0.8289
31,4655,0,0.6688,0.2206,1.0000,0.8730
32,4654,0,0.0011,0.1344,0.2420,0.8298
32,4655,0,0.6906,0.1176,1.0000,0.8706
33,4654,0,0.0004,0.1329,0.2498,0.8286
33,4655,0,0.7259,0.0695,1.0000,0.8705
34,4654,0,0.0017,0.1327,0.2490,0.8400
34,4655,0,0.7365,0.0466,1.0000,0.8720
35,4654,0,0.0006,0.1292,0.2647,0.8444
35,4655,0,0.7434,0.0340,0.9996,0.8704
36,4654,0,0.0001,0.1339,0.2749,0.8438
36,4655,0,0.7384,0.0251,0.9994,0.8715
37,4654,0,0.0006,0.1380,0.2964,0.8469
37,4655,0,0.7208,0.0282,0.9993,0.8712
38,4654,0,0.0035,0.1410,0.3244,0.8463
38,4655,0,0.6986,0.0274,0.9993,0.8680
39,4654,0,0.0094,0.1401,0.3865,0.8453
39,4655,0,0.6764,0.0238,0.9986,0.8685
40,4654,0,0.0203,0.1443,0.4300,0.8416
40,4655,0,0.6605,0.0227,0.9991,0.8703
41,4654,0,0.0281,0.1453,0.4701,0.8393
41,4655,0,0.6476,0.0207,0.9994,0.8690
42,4654,0,0.0333,0.1492,0.4949,0.8339
42,4655,0,0.6374,0.0103,0.9998,0.8709
43,4654,0,0.0331,0.1512,0.5032,0.8301
43,4655,0,0.6312,0.0013,0.9993,0.8650
44,4654,0,0.0407,0.1564,0.5094,0.8305
44,4655,0,0.6235,0.0000,0.9994,0.8656
45,4654,0,0.0482,0.1620,0.5129,0.8310
45,4655,0,0.6103,0.0000,0.9998,0.8634
46,4654,0,0.0572,0.1635,0.5153,0.8298
46,4655,0,0.5901,0.0000,0.9999,0.8650
47,4654,0,0.0632,0.1660,0.5166,0.8291
47,4655,0,0.6030,0.0014,0.9999,0.8688
48,4654,0,0.0746,0.1620,0.5175,0.8287
48,4655,0,0.5473,0.0022,1.0000,0.8737
49,4654,0,0.0971,0.1604,0.5188,0.8299
49,4655,0,0.5277,0.0025,1.0000,0.8747
50,4654,0,0.1067,0.1635,0.5209,0.8309
50,4655,0,0.5058,0.0026,1.0000,0.8740
51,4654,0,0.1097,0.1661,0.5076,0.8294
51,4655,0,0.4691,0.0410,1.0000,0.8781
52,4654,0,0.1168,0.1609,0.5015,0.8295
52,4655,0,0.4506,0.0683,1.0000,0.8797
53,4654,0,0.1337,0.1626,0.4963,0.8302
53,4655,0,0.4444,0.0724,1.0000,0.8805
54,4654,0,0.1534,0.1618,0.4943,0.8285
54,4655,0,0.4455,0.0859,1.0000,0.8806
55,4654,0,0.1736,0.1556,0.4967,0.8307
55,4655,0,0.4469,0.0990,1.0000,0.8814
56,4654,0,0.1930,0.1534,0.5016,0.8306
56,4655,0,0.5115,0.0377,1.0000,0.8788
57,4654,0,0.2123,0.1536,0.5060,0.8312
57,4655,0,0.5263,0.0214,1.0000,0.8787
58,4654,0,0.2256,0.1542,0.5109,0.8309
58,4655,0,0.5230,0.0146,1.0000,0.8791
59,4654,0,0.2343,0.1543,0.5169,0.8300
59,4655,0,0.5244,0.0094,0.9967,0.8778
60,4654,0,0.2388,0.1539,0.5226,0.8302
60,4655,0,0.5185,0.0098,0.9911,0.8746
61,4654,0,0.2427,0.1553,0.5258,0.8309
61,4655,0,0.5134,0.0060,0.9811,0.8910
62,4654,0,0.2451,0.1583,0.5262,0.8313
62,4655,0,0.5013,0.0036,0.9708,0.8796
63,4654,0,0.2471,0.1608,0.5243,0.8318
63,4655,0,0.4928,0.0075,0.9589,0.8786
64,4654,0,0.2486,0.1629,0.5234,0.8316
64,4655,0,0.4860,0.0098,0.9506,0.8738
65,4654,0,0.2481,0.1636,0.5238,0.8328
65,4655,0,0.4775,0.0100,0.9404,0.8728
66,4654,0,0.2471,0.1637,0.5220,0.8321
66,4655,0,0.4720,0.0150,0.9353,0.8716
67,4654,0,0.2464,0.1656,0.5196,0.8320
67,4655,0,0.4590,0.0198,0.9298,0.8791
68,4654,0,0.2440,0.1663,0.5141,0.8310
68,4655,0,0.4545,0.0191,0.9249,0.8769
69,4654,0,0.2390,0.1666,0.5104,0.8294
69,4655,0,0.4452,0.0177,0.9206,0.8935
70,4654,0,0.2328,0.1657,0.5053,0.8288
70,4655,0,0.4427,0.0070,0.9161,0.9031
71,4654,0,0.2264,0.1655,0.4999,0.8280
71,4655,0,0.4397,0.0029,0.9110,0.9005
72,4654,0,0.2227,0.1652,0.5011,0.8274
72,4655,0,0.4364,0.0073,0.9077,0.9143
73,4654,0,0.2220,0.1658,0.5089,0.8263
73,4655,0,0.4336,0.0023,0.9044,0.9138
74,4654,0,0.2209,0.1685,0.5186,0.8264
74,4655,0,0.4296,0.0050,0.9019,0.9232
75,4654,0,0.2199,0.1704,0.5300,0.8272
75,4655,0,0.4307,0.0061,0.8996,0.9263
76,4654,0,0.2198,0.1722,0.5279,0.8286
76,4655,0,0.4276,0.0062,0.8950,0.9246
77,4654,0,0.2200,0.1734,0.5298,0.8294
77,4655,0,0.4206,0.0050,0.8892,0.9230
78,4654,0,0.2199,0.1737,0.5276,0.8281
78,4655,0,0.4143,0.0048,0.8850,0.9180
79,4654,0,0.2202,0.1741,0.5257,0.8243
79,4655,0,0.4096,0.0058,0.8815,0.9136
80,4654,0,0.2211,0.1748,0.5193,0.8242
80,4655,0,0.4033,0.0101,0.8809,0.9113
81,4654,0,0.2214,0.1744,0.5102,0.8202
81,4655,0,0.4007,0.0094,0.8804,0.9077
82,4654,0,0.2210,0.1747,0.5042,0.8182
82,4655,0,0.3981,0.0031,0.8794,0.9120
83,4654,0,0.2195,0.1745,0.5009,0.8186
83,4655,0,0.3962,0.0010,0.8791,0.9116
84,4654,0,0.2159,0.1738,0.4977,0.8176
84,4655,0,0.3977,0.0048,0.8788,0.9025
85,4654,0,0.2130,0.1730,0.4952,0.8165
85,4655,0,0.3982,0.0068,0.8793,0.9045
86,4654,0,0.2125,0.1729,0.4943,0.8158
86,4655,0,0.4004,0.0124,0.8792,0.9042
87,4654,0,0.2130,0.1724,0.4919,0.8131
87,4655,0,0.4041,0.0090,0.8806,0.8979
88,4654,0,0.2110,0.1721,0.4928,0.8120
88,4655,0,0.4063,0.0065,0.8830,0.9002
89,4654,0,0.2098,0.1711,0.4938,0.8132
89,4655,0,0.4085,0.0052,0.8854,0.8995
90,4654,0,0.2066,0.1724,0.5027,0.8147
90,4655,0,0.4084,0.0039,0.8863,0.9001
91,4654,0,0.2049,0.1734,0.5020,0.8148
91,4655,0,0.4084,0.0049,0.8859,0.9137
92,4654,0,0.2017,0.1735,0.5010,0.8137
92,4655,0,0.4106,0.0045,0.8870,0.9237
93,4654,0,0.1971,0.1739,0.5014,0.8128
93,4655,0,0.4141,0.0032,0.8894,0.9244
94,4654,0,0.1956,0.1739,0.4997,0.8123
94,4655,0,0.4136,0.0030,0.8906,0.9185
95,4654,0,0.1946,0.1741,0.4970,0.8123
95,4655,0,0.4163,0.0030,0.8935,0.9159
96,4654,0,0.1951,0.1739,0.4918,0.8134
96,4655,0,0.4152,0.0025,0.8973,0.9148
97,4654,0,0.1980,0.1747,0.4899,0.8140
97,4655,0,0.4095,0.0046,0.9031,0.9109
98,4654,0,0.2000,0.1747,0.4893,0.8138
98,4655,0,0.4080,0.0054,0.9074,0.9108
99,4654,0,0.1995,0.1746,0.4928,0.8143
99,4655,0,0.4167,0.0047,0.9124,0.9098
100,4654,0,0.2028,0.1743,0.5097,0.8150
100,4655,0,0.4299,0.0043,0.9187,0.9091
101,4654,0,0.2026,0.1744,0.5441,0.8153
101,4655,0,0.4418,0.0057,0.9227,0.9081
102,4654,0,0.2024,0.1730,0.5515,0.8155
102,4655,0,0.4542,0.0046,0.9266,0.8990
103,4654,0,0.2019,0.1728,0.5486,0.8158
103,4655,0,0.4551,0.0057,0.9290,0.8986
104,4654,0,0.2029,0.1733,0.5283,0.8155
104,4655,0,0.4527,0.0057,0.9306,0.8980
105,4654,0,0.2037,0.1738,0.5392,0.8155
105,4655,0,0.4504,0.0055,0.9313,0.8927
106,4654,0,0.2036,0.1742,0.5275,0.8148
106,4655,0,0.4486,0.0059,0.9318,0.8975
107,4654,0,0.2040,0.1743,0.5341,0.8145
107,4655,0,0.4479,0.0047,0.9314,0.9036
108,4654,0,0.2038,0.1742,0.5361,0.8154
108,4655,0,0.4506,0.0042,0.9303,0.9029
109,4654,0,0.2035,0.1738,0.5482,0.8155
109,4655,0,0.4567,0.0027,0.9295,0.8947
110,4654,0,0.2033,0.1731,0.5358,0.8161
110,4655,0,0.4479,0.0020,0.9279,0.8942
111,4654,0,0.2031,0.1717,0.5286,0.8158
111,4655,0,0.4427,0.0029,0.9256,0.8993
112,4654,0,0.2031,0.1719,0.5367,0.8164
112,4655,0,0.4448,0.0020,0.9245,0.8992
113,4654,0,0.2030,0.1721,0.5389,0.8157
113,4655,0,0.4483,0.0017,0.9227,0.9024
114,4654,0,0.2036,0.1724,0.5474,0.8158
114,4655,0,0.4548,0.0019,0.9220,0.8999
115,4654,0,0.2039,0.1724,0.5375,0.8156
115,4655,0,0.4480,0.0011,0.9211,0.9014
116,4654,0,0.2039,0.1727,0.5180,0.8150
116,4655,0,0.4380,0.0016,0.9199,0.9009
117,4654,0,0.2044,0.1733,0.5141,0.8145
117,4655,0,0.4377,0.0014,0.9196,0.9012
118,4654,0,0.2041,0.1735,0.5084,0.8139
118,4655,0,0.4352,0.0010,0.9188,0.9028
119,4654,0,0.2037,0.1736,0.5070,0.8141
119,4655,0,0.4324,0.0009,0.9183,0.9028
120,4654,0,0.2043,0.1736,0.5095,0.8146
120,4655,0,0.4379,0.0009,0.9186,0.8998
121,4654,0,0.2046,0.1738,0.5072,0.8145
121,4655,0,0.4358,0.0011,0.9188,0.8962
122,4654,0,0.2061,0.1733,0.5074,0.8147
122,4655,0,0.4328,0.0015,0.9196,0.8909
123,4654,0,0.2068,0.1731,0.5053,0.8146
123,4655,0,0.4344,0.0016,0.9197,0.8886
124,4654,0,0.2074,0.1732,0.5109,0.8144
124,4655,0,0.4393,0.0015,0.9205,0.8907
125,4654,0,0.2081,0.1733,0.5131,0.8145
125,4655,0,0.4423,0.0015,0.9208,0.8940
126,4654,0,0.2096,0.1735,0.5108,0.8146
126,4655,0,0.4391,0.0014,0.9212,0.8956
127,4654,0,0.2100,0.1735,0.5256,0.8148
127,4655,0,0.4422,0.0019,0.9218,0.8946
128,4654,0,0.2104,0.1729,0.5101,0.8148
128,4655,0,0.4373,0.0026,0.9221,0.8946
129,4654,0,0.2107,0.1726,0.5031,0.8145
129,4655,0,0.4406,0.0022,0.9221,0.8959
130,4654,0,0.2106,0.1731,0.5096,0.8142
130,4655,0,0.4429,0.0026,0.9229,0.8977
131,4654,0,0.2094,0.1727,0.5180,0.8137
131,4655,0,0.4429,0.0025,0.9230,0.8987
132,4654,0,0.2099,0.1726,0.5354,0.8130
132,4655,0,0.4491,0.0026,0.9233,0.9016
133,4654,0,0.2106,0.1731,0.5490,0.8134
133,4655,0,0.4446,0.0023,0.9238,0.9045
134,4654,0,0.2100,0.1730,0.5425,0.8138
134,4655,0,0.4360,0.0023,0.9241,0.9054
135,4654,0,0.2101,0.1732,0.5501,0.8137
135,4655,0,0.4351,0.0025,0.9235,0.9061
136,4654,0,0.2101,0.1731,0.5551,0.8146
136,4655,0,0.4388,0.0022,0.9230,0.9078
137,4654,0,0.2090,0.1726,0.5574,0.8147
137,4655,0,0.4501,0.0023,0.9229,0.9064
138,4654,0,0.2085,0.1725,0.5576,0.8146
138,4655,0,0.4554,0.0028,0.9225,0.9072
139,4654,0,0.2087,0.1725,0.5367,0.8146
139,4655,0,0.4441,0.0027,0.9210,0.9098
140,4654,0,0.2088,0.1718,0.5367,0.8146
140,4655,0,0.4388,0.0032,0.9202,0.9159
141,4654,0,0.2079,0.1701,0.5276,0.8142
141,4655,0,0.4358,0.0032,0.9182,0.9160
142,4654,0,0.2079,0.1696,0.5245,0.8146
142,4655,0,0.4357,0.0028,0.9167,0.9124
143,4654,0,0.2071,0.1701,0.5318,0.8148
143,4655,0,0.4276,0.0030,0.9155,0.9109
144,4654,0,0.2054,0.1673,0.5345,0.8136
144,4655,0,0.4216,0.0035,0.9139,0.9119
145,4654,0,0.2052,0.1684,0.5257,0.8153
145,4655,0,0.4193,0.0036,0.9132,0.9152
146,4654,0,0.2052,0.1692,0.5164,0.8156
146,4655,0,0.4196,0.0036,0.9127,0.9162
147,4654,0,0.2054,0.1698,0.5093,0.8160
147,4655,0,0.4235,0.0029,0.9123,0.9150
148,4654,0,0.2071,0.1702,0.5033,0.8164
148,4655,0,0.4221,0.0033,0.9112,0.9170
149,4654,0,0.2078,0.1709,0.4995,0.8165
149,4655,0,0.4207,0.0037,0.9107,0.9135
150,4654,0,0.2084,0.1707,0.4980,0.8175
150,4655,0,0.4198,0.0036,0.9098,0.9142
151,4654,0,0.2090,0.1701,0.4960,0.8179
151,4655,0,0.4183,0.0034,0.9097,0.9160
152,4654,0,0.2095,0.1704,0.4970,0.8182
152,4655,0,0.4181,0.0027,0.9102,0.9183
153,4654,0,0.2105,0.1709,0.4963,0.8178
153,4655,0,0.4184,0.0020,0.9104,0.9190
154,4654,0,0.2111,0.1701,0.4946,0.8170
154,4655,0,0.4189,0.0018,0.9104,0.9195
155,4654,0,0.2114,0.1724,0.4966,0.8187
155,4655,0,0.4195,0.0023,0.9105,0.9138
156,4654,0,0.2115,0.1731,0.5031,0.8180
156,4655,0,0.4190,0.0026,0.9112,0.9150
157,4654,0,0.2126,0.1734,0.5069,0.8175
157,4655,0,0.4188,0.0030,0.9117,0.9151
158,4654,0,0.2138,0.1744,0.5100,0.8172
158,4655,0,0.4178,0.0039,0.9120,0.9165
159,4654,0,0.2139,0.1751,0.5101,0.8164
159,4655,0,0.4170,0.0043,0.9119,0.9169
160,4654,0,0.2139,0.1746,0.5139,0.8153
160,4655,0,0.4174,0.0049,0.9120,0.9156
161,4654,0,0.2132,0.1742,0.5122,0.8158
161,4655,0,0.4171,0.0039,0.9122,0.9144
162,4654,0,0.2138,0.1739,0.5072,0.8162
162,4655,0,0.4161,0.0036,0.9126,0.9142
163,4654,0,0.2135,0.1752,0.5043,0.8155
163,4655,0,0.4169,0.0034,0.9124,0.9131
164,4654,0,0.2128,0.1754,0.5048,0.8158
164,4655,0,0.4166,0.0029,0.9131,0.9138
165,4654,0,0.2111,0.1741,0.5093,0.8174
165,4655,0,0.4163,0.0026,0.9139,0.9149
166,4654,0,0.2111,0.1732,0.5137,0.8156
166,4655,0,0.4183,0.0024,0.9148,0.9133
167,4654,0,0.2109,0.1727,0.5164,0.8153
167,4655,0,0.4205,0.0022,0.9155,0.9123
168,4654,0,0.2098,0.1735,0.5352,0.8151
168,4655,0,0.4247,0.0017,0.9157,0.9106
169,4654,0,0.2089,0.1749,0.5318,0.8152
169,4655,0,0.4250,0.0016,0.9160,0.9095
170,4654,0,0.2088,0.1749,0.5324,0.8155
170,4655,0,0.4270,0.0018,0.9160,0.9099
171,4654,0,0.2088,0.1739,0.5267,0.8151
171,4655,0,0.4292,0.0026,0.9161,0.9114
172,4654,0,0.2086,0.1749,0.5190,0.8147
172,4655,0,0.4334,0.0018,0.9162,0.9123
173,4654,0,0.2083,0.1760,0.5144,0.8145
173,4655,0,0.4381,0.0016,0.9162,0.9119
174,4654,0,0.2072,0.1761,0.5138,0.8143
174,4655,0,0.4405,0.0022,0.9161,0.9116
175,4654,0,0.2085,0.1758,0.5159,0.8144
175,4655,0,0.4371,0.0011,0.9159,0.9107
176,4654,0,0.2091,0.1755,0.5153,0.8145
176,4655,0,0.4337,0.0005,0.9159,0.9109
177,4654,0,0.2097,0.1751,0.5162,0.8143
177,4655,0,0.4351,0.0002,0.9160,0.9085
178,4654,0,0.2088,0.1751,0.5163,0.8141
178,4655,0,0.4361,0.0004,0.9159,0.9075
179,4654,0,0.2093,0.1748,0.5161,0.8137
179,4655,0,0.4302,0.0007,0.9157,0.9085
180,4654,0,0.2099,0.1742,0.5145,0.8144
180,4655,0,0.4280,0.0010,0.9146,0.9083
181,4654,0,0.2096,0.1740,0.5134,0.8154
181,4655,0,0.4273,0.0010,0.9142,0.9083
182,4654,0,0.2095,0.1744,0.5124,0.8155
182,4655,0,0.4247,0.0012,0.9142,0.9101
183,4654,0,0.2087,0.1748,0.5100,0.8158
183,4655,0,0.4255,0.0013,0.9139,0.9092
184,4654,0,0.2092,0.1750,0.5089,0.8161
184,4655,0,0.4222,0.0017,0.9135,0.9094
185,4654,0,0.2090,0.1748,0.5080,0.8158
185,4655,0,0.4245,0.0016,0.9131,0.9104
186,4654,0,0.2088,0.1745,0.5145,0.8157
186,4655,0,0.4295,0.0012,0.9126,0.9070
187,4654,0,0.2093,0.1741,0.5147,0.8152
187,4655,0,0.4333,0.0012,0.9126,0.9085
188,4654,0,0.2096,0.1743,0.5116,0.8149
188,4655,0,0.4293,0.0009,0.9124,0.9109
189,4654,0,0.2094,0.1737,0.5129,0.8150
189,4655,0,0.4227,0.0012,0.9139,0.9098
190,4654,0,0.2093,0.1725,0.5205,0.8158
190,4655,0,0.4163,0.0007,0.9144,0.9124
191,4654,0,0.2074,0.1721,0.5209,0.8164
191,4655,0,0.4095,0.0012,0.9145,0.9127
192,4654,0,0.2080,0.1717,0.5249,0.8158
192,4655,0,0.4082,0.0012,0.9156,0.9200
193,4654,0,0.2074,0.1715,0.5284,0.8153
193,4655,0,0.4111,0.0012,0.9157,0.9225
194,4654,0,0.2065,0.1717,0.5276,0.8152
194,4655,0,0.4108,0.0016,0.9159,0.9205
195,4654,0,0.2081,0.1708,0.5311,0.8147
195,4655,0,0.4129,0.0020,0.9167,0.9152
196,4654,0,0.2087,0.1703,0.5266,0.8130
196,4655,0,0.4220,0.0010,0.9170,0.9099
197,4654,0,0.2099,0.1697,0.5280,0.8121
197,4655,0,0.4320,0.0003,0.9177,0.9125
198,4654,0,0.2103,0.1694,0.5362,0.8118
198,4655,0,0.4542,0.0001,0.9177,0.9206
199,4654,0,0.2129,0.1692,0.5379,0.8123
199,4655,0,0.4623,0.0000,0.9160,0.9181
200,4654,0,0.2139,0.1688,0.5366,0.8131
200,4655,0,0.4571,0.0003,0.9129,0.9109
201,4654,0,0.2126,0.1677,0.5338,0.8165
201,4655,0,0.4359,0.0003,0.9100,0.9110
202,4654,0,0.2131,0.1675,0.5331,0.8195
202,4655,0,0.4366,0.0010,0.9063,0.9081
203,4654,0,0.2141,0.1664,0.5293,0.8239
203,4655,0,0.4206,0.0022,0.8975,0.9068
204,4654,0,0.2149,0.1663,0.5235,0.8268
204,4655,0,0.4081,0.0045,0.8892,0.8963
205,4654,0,0.2159,0.1653,0.5154,0.8209
205,4655,0,0.4015,0.0041,0.8810,0.9083
206,4654,0,0.2180,0.1660,0.5054,0.8214
206,4655,0,0.3907,0.0023,0.8732,0.9140
207,4654,0,0.2175,0.1686,0.5053,0.8189
207,4655,0,0.3613,0.0008,0.8616,0.9167
208,4654,0,0.2190,0.1676,0.5002,0.8218
208,4655,0,0.3435,0.0004,0.8508,0.9160
209,4654,0,0.2188,0.1672,0.4963,0.8164
209,4655,0,0.3357,0.0028,0.8352,0.9118
210,4654,0,0.2181,0.1682,0.4932,0.8126
210,4655,0,0.2749,0.0012,0.8330,0.9161
211,4654,0,0.2190,0.1708,0.4885,0.8056
211,4655,0,0.2838,0.0024,0.8261,0.9220
212,4654,0,0.2167,0.1732,0.4824,0.8049
212,4655,0,0.2534,0.0008,0.8405,0.9228
213,4655,0,0.2460,0.0013,0.8398,0.9255
214,4655,0,0.1887,0.0101,0.8443,0.9366
215,4655,0,0.1787,0.0038,0.8415,0.9298
216,4655,0,0.1569,0.0015,0.8465,0.9249
217,4655,0,0.1319,0.0012,0.8431,0.9231
218,4655,0,0.1144,0.0004,0.8299,0.9207
219,4655,0,0.0874,0.0000,0.8114,0.9131
219,4654,0,0.1040,0.0123,0.5841,0.9171
220,4655,0,0.0617,0.0000,0.7993,0.9135
220,4654,0,0.0783,0.0000,0.5781,0.9281
221,4655,0,0.0401,0.0000,0.7727,0.9167
222,4655,0,0.0167,0.0000,0.7362,0.9120
223,4655,0,0.0004,0.0010,0.6726,0.9047
224,4655,0,0.0000,0.0006,0.6637,0.9022
224,4654,0,0.0130,0.0032,0.4774,0.9122
225,4682,0,0.3465,0.1919,0.6985,0.8431
225,4654,0,0.0029,0.0009,0.4427,0.9095
226,4682,0,0.3346,0.1991,0.7463,0.8239
226,4654,0,0.0000,0.0006,0.4180,0.9229
227,4682,0,0.3165,0.2003,0.7836,0.8154
227,4654,0,0.0000,0.0153,0.4031,0.9287
228,4682,0,0.3054,0.2051,0.8156,0.8098
228,4654,0,0.0000,0.0077,0.3962,0.9161
229,4682,0,0.2991,0.2082,0.8437,0.8092
229,4654,0,0.0000,0.0026,0.3939,0.9137
230,4682,0,0.3084,0.2051,0.8587,0.8094
230,4654,0,0.0000,0.0007,0.3970,0.9044
231,4682,0,0.3158,0.2066,0.8637,0.8100
231,4654,0,0.0000,0.0073,0.3966,0.8982
232,4682,0,0.3171,0.2085,0.8637,0.8110
232,4654,0,0.0000,0.0064,0.3927,0.8976
233,4682,0,0.3148,0.2078,0.8702,0.8148
233,4654,0,0.0005,0.0022,0.3886,0.9022
234,4682,0,0.3164,0.2092,0.8699,0.8157
234,4654,0,0.0002,0.0450,0.4058,0.9055
235,4682,0,0.3246,0.2064,0.8684,0.8171
235,4654,0,0.0009,0.0617,0.4099,0.9032
236,4682,0,0.3434,0.2051,0.8684,0.8181
236,4654,0,0.0011,0.0724,0.3972,0.9075
237,4682,0,0.3704,0.2022,0.8705,0.8186
237,4654,0,0.0009,0.0969,0.3754,0.9086
238,4682,0,0.4045,0.2019,0.8752,0.8192
238,4654,0,0.0007,0.1111,0.3237,0.8990
239,4682,0,0.4496,0.1961,0.8903,0.8199
240,4682,0,0.4938,0.1941,0.9099,0.8188
241,4682,0,0.5487,0.1939,0.9328,0.8191
242,4682,0,0.5797,0.1930,0.9469,0.8175
243,4682,0,0.6080,0.1915,0.9660,0.8166
244,4682,0,0.6416,0.1884,0.9862,0.8170
245,4682,0,0.6591,0.1874,0.9992,0.8172
246,4682,0,0.6623,0.1894,1.0000,0.8188
247,4682,0,0.6653,0.1925,1.0000,0.8182
248,4682,0,0.6680,0.1942,1.0000,0.8185
249,4682,0,0.6590,0.1950,1.0000,0.8209
250,4682,0,0.6609,0.1990,1.0000,0.8209
