# resolution: 1080,1920
frame,track_id,class,x1_norm,y1_norm,x2_norm,y2_norm
0,-1,0,0.0022,0.3373,0.1795,0.7224
0,-1,0,0.9006,0.2885,1.0000,0.8264
1,4157,0,0.0019,0.3373,0.2017,0.7227
1,4102,0,0.8352,0.2942,0.9996,0.8254
2,4157,0,0.0025,0.3387,0.2252,0.7212
2,4102,0,0.8442,0.2895,0.9999,0.8189
3,4157,0,0.0024,0.3397,0.2446,0.7205
3,4102,0,0.8346,0.2868,1.0000,0.8126
4,4157,0,0.0015,0.3419,0.2597,0.7212
4,4102,0,0.8197,0.2855,1.0000,0.8111
5,4157,0,0.0010,0.3427,0.2646,0.7219
5,4102,0,0.8017,0.2858,1.0000,0.8090
6,4157,0,0.0003,0.3431,0.2674,0.7225
6,4102,0,0.7822,0.2866,1.0000,0.8069
7,4157,0,0.0009,0.3429,0.2672,0.7227
7,4102,0,0.7608,0.2879,1.0000,0.8076
8,4157,0,0.0013,0.3425,0.2686,0.7231
8,4102,0,0.7392,0.2866,1.0000,0.8081
9,4157,0,0.0015,0.3414,0.2706,0.7234
9,4102,0,0.7218,0.2854,1.0000,0.8085
10,4157,0,0.0008,0.3398,0.2677,0.7241
10,4102,0,0.7041,0.2848,1.0000,0.8101
11,4157,0,0.0008,0.3390,0.2639,0.7242
11,4102,0,0.6951,0.2873,1.0000,0.8105
12,4157,0,0.0020,0.3385,0.2657,0.7248
12,4102,0,0.6910,0.2894,1.0000,0.8121
13,4157,0,0.0030,0.3390,0.2672,0.7246
13,4102,0,0.6873,0.2893,1.0000,0.8132
14,4157,0,0.0049,0.3388,0.2699,0.7244
14,4102,0,0.6838,0.2896,1.0000,0.8151
15,4157,0,0.0075,0.3401,0.2763,0.7239
15,4102,0,0.6766,0.2896,1.0000,0.8189
16,4157,0,0.0156,0.3418,0.2856,0.7227
16,4102,0,0.6699,0.2884,1.0000,0.8211
17,4157,0,0.0285,0.3424,0.2934,0.7230
17,4102,0,0.6682,0.2879,1.0000,0.8215
18,4157,0,0.0440,0.3415,0.2998,0.7236
18,4102,0,0.6687,0.2853,1.0000,0.8216
19,4157,0,0.0616,0.3409,0.3062,0.7254
19,4102,0,0.6714,0.2833,1.0000,0.8217
20,4157,0,0.0773,0.3397,0.3103,0.7280
20,4102,0,0.6742,0.2816,1.0000,0.8219
21,4157,0,0.0937,0.3392,0.3124,0.7304
21,4102,0,0.6746,0.2806,1.0000,0.8211
22,4157,0,0.1067,0.3401,0.3147,0.7327
22,4102,0,0.6726,0.2798,1.0000,0.8218
23,4157,0,0.1177,0.3402,0.3175,0.7352
23,4102,0,0.6692,0.2784,1.0000,0.8220
24,4157,0,0.1256,0.3401,0.3202,0.7358
24,4102,0,0.6663,0.2772,0.9772,0.8215
25,4157,0,0.1305,0.3401,0.3235,0.7376
25,4102,0,0.6636,0.2763,0.9454,0.8207
26,4157,0,0.1348,0.3404,0.3299,0.7406
26,4102,0,0.6613,0.2742,0.9179,0.8207
27,4157,0,0.1402,0.3411,0.3406,0.7430
27,4102,0,0.6617,0.2722,0.9026,0.8209
28,4157,0,0.1453,0.3416,0.3470,0.7444
28,4102,0,0.6535,0.2716,0.8872,0.8235
29,4157,0,0.1486,0.3414,0.3516,0.7460
29,4102,0,0.6259,0.2714,0.8757,0.8258
30,4157,0,0.1517,0.3422,0.3581,0.7471
30,4102,0,0.5829,0.2720,0.8680,0.8239
31,4157,0,0.1556,0.3417,0.3634,0.7477
31,4102,0,0.5464,0.2741,0.8565,0.8224
32,4157,0,0.1600,0.3415,0.3678,0.7481
32,4102,0,0.5142,0.2749,0.8482,0.8219
33,4157,0,0.1670,0.3413,0.3728,0.7484
33,4102,0,0.4920,0.2765,0.8426,0.8216
34,4157,0,0.1709,0.3414,0.3781,0.7482
34,4102,0,0.4793,0.2773,0.8395,0.8214
35,4157,0,0.1716,0.3412,0.3829,0.7475
35,4102,0,0.4714,0.2773,0.8387,0.8216
36,4157,0,0.1724,0.3406,0.3884,0.7472
36,4102,0,0.4682,0.2783,0.8373,0.8222
37,4157,0,0.1751,0.3400,0.3949,0.7470
37,4102,0,0.4668,0.2789,0.8355,0.8229
38,4157,0,0.1808,0.3395,0.3978,0.7471
38,4102,0,0.4671,0.2791,0.8333,0.8233
39,4157,0,0.1855,0.3387,0.4021,0.7472
39,4102,0,0.4671,0.2793,0.8232,0.8232
40,4157,0,0.1901,0.3385,0.4056,0.7474
40,4102,0,0.4673,0.2799,0.8091,0.8215
41,4157,0,0.1961,0.3386,0.4092,0.7475
41,4102,0,0.4675,0.2800,0.7926,0.8213
42,4157,0,0.1992,0.3388,0.4146,0.7475
42,4102,0,0.4636,0.2797,0.7721,0.8198
43,4157,0,0.2018,0.3390,0.4178,0.7470
43,4102,0,0.4642,0.2767,0.7514,0.8175
44,4157,0,0.2033,0.3390,0.4212,0.7467
44,4102,0,0.4689,0.2784,0.7303,0.8161
45,4157,0,0.2051,0.3390,0.4241,0.7470
45,4102,0,0.4705,0.2787,0.7123,0.8168
46,4157,0,0.2061,0.3390,0.4275,0.7468
46,4102,0,0.4695,0.2786,0.7001,0.8169
47,4157,0,0.2080,0.3389,0.4320,0.7464
47,4102,0,0.4539,0.2787,0.6924,0.8174
48,4157,0,0.2097,0.3384,0.4360,0.7463
48,4102,0,0.4210,0.2780,0.6843,0.8179
49,4157,0,0.2105,0.3379,0.4374,0.7463
49,4102,0,0.3818,0.2785,0.6760,0.8182
50,4157,0,0.2100,0.3377,0.4386,0.7460
50,4102,0,0.3498,0.2834,0.6710,0.8146
51,4157,0,0.2084,0.3391,0.4421,0.7463
51,4102,0,0.3258,0.2793,0.6642,0.8151
52,4157,0,0.2078,0.3390,0.4431,0.7468
52,4102,0,0.3164,0.2813,0.6576,0.8136
53,4157,0,0.2062,0.3387,0.4446,0.7472
53,4102,0,0.3146,0.2819,0.6518,0.8132
54,4157,0,0.2056,0.3387,0.4426,0.7479
54,4102,0,0.3078,0.2802,0.6421,0.8128
55,4157,0,0.2065,0.3384,0.4412,0.7481
55,4102,0,0.3055,0.2792,0.6350,0.8137
56,4157,0,0.2097,0.3382,0.4379,0.7480
56,4102,0,0.3080,0.2780,0.6272,0.8139
57,4157,0,0.2139,0.3378,0.4320,0.7480
57,4102,0,0.3105,0.2761,0.6206,0.8146
58,4157,0,0.2177,0.3379,0.4250,0.7480
58,4102,0,0.3131,0.2752,0.6169,0.8150
59,4157,0,0.2246,0.3358,0.4248,0.7459
59,4102,0,0.3149,0.2738,0.6155,0.8152
60,4157,0,0.2271,0.3378,0.4124,0.7460
60,4102,0,0.3165,0.2724,0.6127,0.8154
61,4157,0,0.2308,0.3387,0.4064,0.7460
61,4102,0,0.3165,0.2713,0.6114,0.8156
62,4157,0,0.2355,0.3377,0.3985,0.7471
62,4102,0,0.3147,0.2701,0.6099,0.8159
63,4157,0,0.2385,0.3430,0.3942,0.7474
63,4102,0,0.3132,0.2695,0.6097,0.8153
64,4157,0,0.2428,0.3435,0.3905,0.7468
64,4102,0,0.3082,0.2707,0.6057,0.8156
65,4157,0,0.2458,0.3463,0.3865,0.7463
65,4102,0,0.3051,0.2709,0.6026,0.8157
66,4157,0,0.2497,0.3524,0.3843,0.7461
66,4102,0,0.3029,0.2706,0.5974,0.8161
67,4157,0,0.2538,0.3520,0.3836,0.7446
67,4102,0,0.2990,0.2702,0.5935,0.8160
68,4157,0,0.2563,0.3546,0.3828,0.7447
68,4102,0,0.2953,0.2695,0.5915,0.8153
69,4102,0,0.2917,0.2685,0.5913,0.8153
70,4102,0,0.2901,0.2679,0.5921,0.8154
71,4102,0,0.2929,0.2679,0.5918,0.8161
72,4102,0,0.2894,0.2676,0.5918,0.8161
73,4102,0,0.2893,0.2672,0.5923,0.8161
74,4102,0,0.2905,0.2675,0.5927,0.8163
75,4102,0,0.2917,0.2673,0.5920,0.8162
76,4102,0,0.2995,0.2674,0.5902,0.8157
76,4157,0,0.2661,0.3442,0.4038,0.7435
77,4102,0,0.3120,0.2684,0.5903,0.8151
77,4157,0,0.2643,0.3447,0.4110,0.7467
78,4102,0,0.3214,0.2685,0.5926,0.8148
78,4157,0,0.2633,0.3444,0.4148,0.7486
79,4102,0,0.3281,0.2681,0.5993,0.8146
79,4157,0,0.2615,0.3433,0.4204,0.7491
80,4102,0,0.3306,0.2684,0.6074,0.8135
80,4157,0,0.2545,0.3407,0.4279,0.7486
81,4102,0,0.3290,0.2689,0.6139,0.8139
81,4157,0,0.2494,0.3365,0.4326,0.7493
82,4102,0,0.3274,0.2699,0.6202,0.8137
82,4157,0,0.2451,0.3356,0.4397,0.7514
83,4102,0,0.3234,0.2704,0.6247,0.8140
83,4157,0,0.2413,0.3366,0.4485,0.7539
84,4102,0,0.3218,0.2715,0.6273,0.8142
84,4157,0,0.2401,0.3366,0.4512,0.7545
85,4102,0,0.3213,0.2729,0.6311,0.8141
85,4157,0,0.2397,0.3363,0.4480,0.7560
86,4102,0,0.3199,0.2757,0.6354,0.8143
86,4157,0,0.2387,0.3355,0.4490,0.7565
87,4102,0,0.3184,0.2781,0.6387,0.8139
87,4157,0,0.2376,0.3352,0.4500,0.7566
88,4102,0,0.3156,0.2795,0.6413,0.8141
88,4157,0,0.2365,0.3349,0.4507,0.7564
89,4102,0,0.3056,0.2834,0.6488,0.8082
89,4157,0,0.2356,0.3340,0.4550,0.7562
90,4102,0,0.2966,0.2875,0.6535,0.8035
90,4157,0,0.2351,0.3331,0.4601,0.7563
91,4102,0,0.2959,0.2904,0.6575,0.8007
91,4157,0,0.2338,0.3332,0.4608,0.7564
92,4102,0,0.3033,0.2927,0.6617,0.8005
92,4157,0,0.2319,0.3335,0.4637,0.7565
93,4102,0,0.3336,0.2864,0.6653,0.8074
93,4157,0,0.2269,0.3334,0.4621,0.7563
94,4102,0,0.3542,0.2908,0.6704,0.8069
94,4157,0,0.2205,0.3336,0.4561,0.7561
95,4102,0,0.3826,0.2865,0.6713,0.8128
95,4157,0,0.2151,0.3330,0.4508,0.7563
96,4102,0,0.4305,0.2859,0.6741,0.8045
96,4157,0,0.2089,0.3329,0.4474,0.7563
97,4102,0,0.4486,0.2855,0.6770,0.7989
97,4157,0,0.2009,0.3328,0.4437,0.7564
98,4102,0,0.4555,0.2845,0.6802,0.8052
98,4157,0,0.1959,0.3322,0.4408,0.7567
99,4102,0,0.4582,0.2841,0.6820,0.8080
99,4157,0,0.1916,0.3320,0.4377,0.7571
100,4102,0,0.4562,0.2839,0.6847,0.8112
100,4157,0,0.1858,0.3317,0.4340,0.7570
101,4102,0,0.4557,0.2839,0.6887,0.8140
101,4157,0,0.1816,0.3315,0.4295,0.7577
102,4102,0,0.4566,0.2839,0.6916,0.8144
102,4157,0,0.1776,0.3313,0.4276,0.7579
103,4102,0,0.4561,0.2837,0.6945,0.8144
103,4157,0,0.1757,0.3315,0.4254,0.7579
104,4102,0,0.4615,0.2839,0.6947,0.8129
104,4157,0,0.1719,0.3304,0.4252,0.7585
105,4102,0,0.4687,0.2844,0.6967,0.8117
105,4157,0,0.1698,0.3304,0.4243,0.7617
106,4102,0,0.4737,0.2848,0.6980,0.8157
106,4157,0,0.1687,0.3298,0.4241,0.7640
107,4102,0,0.4770,0.2853,0.6998,0.8175
107,4157,0,0.1692,0.3297,0.4239,0.7658
108,4102,0,0.4795,0.2853,0.7008,0.8205
108,4157,0,0.1696,0.3296,0.4240,0.7662
109,4102,0,0.4800,0.2853,0.7019,0.8217
109,4157,0,0.1720,0.3294,0.4248,0.7678
110,4102,0,0.4796,0.2855,0.7023,0.8217
110,4157,0,0.1739,0.3294,0.4261,0.7695
111,4102,0,0.4786,0.2852,0.7024,0.8218
111,4157,0,0.1756,0.3295,0.4270,0.7701
112,4102,0,0.4803,0.2853,0.7039,0.8220
112,4157,0,0.1787,0.3296,0.4276,0.7707
113,4102,0,0.4782,0.2857,0.7043,0.8230
113,4157,0,0.1809,0.3294,0.4281,0.7706
114,4102,0,0.4772,0.2858,0.7040,0.8241
114,4157,0,0.1844,0.3295,0.4290,0.7707
115,4102,0,0.4769,0.2854,0.7054,0.8239
115,4157,0,0.1866,0.3292,0.4301,0.7706
116,4102,0,0.4763,0.2851,0.7061,0.8239
116,4157,0,0.1880,0.3288,0.4320,0.7704
117,4102,0,0.4758,0.2849,0.7080,0.8236
117,4157,0,0.1882,0.3288,0.4343,0.7705
118,4102,0,0.4764,0.2849,0.7085,0.8231
118,4157,0,0.1877,0.3285,0.4367,0.7705
119,4102,0,0.4766,0.2847,0.7107,0.8234
119,4157,0,0.1886,0.3290,0.4381,0.7705
120,4102,0,0.4776,0.2845,0.7118,0.8233
120,4157,0,0.1906,0.3297,0.4404,0.7704
121,4102,0,0.4780,0.2843,0.7126,0.8233
121,4157,0,0.1912,0.3297,0.4424,0.7705
122,4102,0,0.4781,0.2842,0.7132,0.8234
122,4157,0,0.1910,0.3298,0.4442,0.7706
123,4102,0,0.4784,0.2843,0.7143,0.8237
123,4157,0,0.1922,0.3299,0.4462,0.7706
124,4102,0,0.4787,0.2844,0.7154,0.8238
124,4157,0,0.1934,0.3304,0.4448,0.7704
125,4102,0,0.4794,0.2846,0.7167,0.8241
125,4157,0,0.1947,0.3308,0.4423,0.7703
126,4102,0,0.4800,0.2848,0.7172,0.8234
126,4157,0,0.2005,0.3308,0.4410,0.7700
127,4102,0,0.4803,0.2848,0.7177,0.8233
127,4157,0,0.2038,0.3317,0.4423,0.7700
128,4102,0,0.4803,0.2847,0.7179,0.8231
128,4157,0,0.2074,0.3327,0.4437,0.7696
129,4102,0,0.4799,0.2847,0.7179,0.8231
129,4157,0,0.2117,0.3331,0.4450,0.7695
130,4102,0,0.4800,0.2849,0.7184,0.8232
130,4157,0,0.2115,0.3330,0.4456,0.7695
131,4102,0,0.4806,0.2850,0.7193,0.8229
131,4157,0,0.2112,0.3324,0.4455,0.7697
132,4102,0,0.4800,0.2850,0.7197,0.8230
132,4157,0,0.2100,0.3318,0.4455,0.7714
133,4102,0,0.4797,0.2850,0.7202,0.8230
133,4157,0,0.2073,0.3311,0.4465,0.7736
134,4102,0,0.4794,0.2850,0.7206,0.8226
134,4157,0,0.2057,0.3305,0.4464,0.7754
135,4102,0,0.4788,0.2849,0.7209,0.8226
135,4157,0,0.2061,0.3307,0.4462,0.7786
136,4102,0,0.4795,0.2848,0.7212,0.8231
136,4157,0,0.2061,0.3306,0.4455,0.7797
137,4102,0,0.4792,0.2847,0.7218,0.8229
137,4157,0,0.2072,0.3305,0.4450,0.7805
138,4102,0,0.4798,0.2845,0.7217,0.8230
138,4157,0,0.2071,0.3304,0.4440,0.7821
139,4102,0,0.4792,0.2844,0.7215,0.8232
139,4157,0,0.2058,0.3307,0.4430,0.7826
140,4102,0,0.4801,0.2844,0.7218,0.8234
140,4157,0,0.2062,0.3308,0.4434,0.7830
141,4102,0,0.4809,0.2843,0.7229,0.8237
141,4157,0,0.2045,0.3309,0.4436,0.7832
142,4102,0,0.4812,0.2843,0.7232,0.8239
142,4157,0,0.2012,0.3310,0.4436,0.7830
143,4102,0,0.4821,0.2844,0.7232,0.8242
143,4157,0,0.1970,0.3313,0.4432,0.7831
144,4102,0,0.4830,0.2844,0.7240,0.8244
144,4157,0,0.1928,0.3313,0.4440,0.7830
145,4102,0,0.4838,0.2846,0.7249,0.8245
145,4157,0,0.1871,0.3323,0.4442,0.7838
146,4102,0,0.4847,0.2846,0.7244,0.8242
146,4157,0,0.1848,0.3332,0.4439,0.7843
147,4102,0,0.4848,0.2844,0.7242,0.8242
147,4157,0,0.1816,0.3335,0.4438,0.7845
148,4102,0,0.4846,0.2843,0.7244,0.8241
148,4157,0,0.1762,0.3335,0.4436,0.7849
149,4102,0,0.4852,0.2842,0.7248,0.8238
149,4157,0,0.1705,0.3329,0.4434,0.7842
150,4102,0,0.4861,0.2839,0.7248,0.8240
150,4157,0,0.1675,0.3328,0.4430,0.7839
151,4102,0,0.4861,0.2837,0.7247,0.8241
151,4157,0,0.1677,0.3341,0.4424,0.7847
152,4102,0,0.4864,0.2838,0.7252,0.8241
152,4157,0,0.1665,0.3340,0.4423,0.7842
153,4102,0,0.4867,0.2837,0.7257,0.8243
153,4157,0,0.1680,0.3349,0.4424,0.7848
154,4102,0,0.4868,0.2838,0.7264,0.8244
154,4157,0,0.1706,0.3353,0.4420,0.7851
155,4102,0,0.4871,0.2837,0.7263,0.8241
155,4157,0,0.1714,0.3360,0.4415,0.7852
156,4102,0,0.4874,0.2839,0.7266,0.8238
156,4157,0,0.1729,0.3358,0.4416,0.7853
157,4102,0,0.4877,0.2841,0.7265,0.8238
157,4157,0,0.1775,0.3359,0.4412,0.7852
158,4102,0,0.4883,0.2846,0.7264,0.8238
158,4157,0,0.1826,0.3360,0.4409,0.7855
159,4102,0,0.4886,0.2846,0.7266,0.8238
159,4157,0,0.1869,0.3359,0.4410,0.7854
160,4102,0,0.4890,0.2845,0.7265,0.8238
160,4157,0,0.1902,0.3361,0.4408,0.7851
161,4102,0,0.4887,0.2847,0.7265,0.8240
161,4157,0,0.1929,0.3354,0.4414,0.7844
162,4102,0,0.4885,0.2849,0.7271,0.8240
162,4157,0,0.1962,0.3352,0.4420,0.7838
163,4102,0,0.4884,0.2850,0.7272,0.8237
163,4157,0,0.1987,0.3352,0.4415,0.7835
164,4102,0,0.4886,0.2851,0.7275,0.8238
164,4157,0,0.2010,0.3352,0.4416,0.7835
165,4102,0,0.4891,0.2850,0.7284,0.8239
165,4157,0,0.2014,0.3355,0.4418,0.7841
166,4102,0,0.4895,0.2851,0.7293,0.8237
166,4157,0,0.2017,0.3354,0.4416,0.7843
167,4102,0,0.4898,0.2853,0.7296,0.8237
167,4157,0,0.2030,0.3349,0.4420,0.7840
168,4102,0,0.4904,0.2854,0.7299,0.8236
168,4157,0,0.2017,0.3346,0.4421,0.7843
169,4102,0,0.4906,0.2854,0.7301,0.8236
169,4157,0,0.2020,0.3346,0.4429,0.7843
170,4102,0,0.4908,0.2852,0.7307,0.8235
170,4157,0,0.2044,0.3342,0.4440,0.7840
171,4102,0,0.4904,0.2852,0.7311,0.8234
171,4157,0,0.2071,0.3337,0.4436,0.7839
172,4102,0,0.4898,0.2852,0.7311,0.8231
172,4157,0,0.2090,0.3339,0.4445,0.7838
173,4102,0,0.4901,0.2853,0.7313,0.8227
173,4157,0,0.2110,0.3342,0.4461,0.7839
174,4102,0,0.4902,0.2857,0.7311,0.8222
174,4157,0,0.2120,0.3345,0.4460,0.7838
175,4102,0,0.4901,0.2858,0.7310,0.8220
175,4157,0,0.2124,0.3346,0.4466,0.7839
176,4102,0,0.4909,0.2861,0.7307,0.8215
176,4157,0,0.2126,0.3352,0.4474,0.7839
177,4102,0,0.4910,0.2862,0.7312,0.8212
177,4157,0,0.2128,0.3357,0.4480,0.7838
178,4102,0,0.4912,0.2861,0.7315,0.8214
178,4157,0,0.2129,0.3362,0.4478,0.7838
179,4102,0,0.4900,0.2859,0.7311,0.8206
179,4157,0,0.2136,0.3363,0.4462,0.7837
180,4102,0,0.4903,0.2856,0.7315,0.8192
180,4157,0,0.2142,0.3361,0.4458,0.7835
181,4102,0,0.4909,0.2853,0.7316,0.8176
181,4157,0,0.2146,0.3359,0.4452,0.7835
182,4102,0,0.4924,0.2853,0.7321,0.8166
182,4157,0,0.2155,0.3358,0.4464,0.7837
183,4102,0,0.4921,0.2854,0.7325,0.8166
183,4157,0,0.2159,0.3355,0.4485,0.7836
184,4102,0,0.4905,0.2854,0.7324,0.8163
184,4157,0,0.2155,0.3348,0.4488,0.7835
185,4102,0,0.4895,0.2854,0.7324,0.8151
185,4157,0,0.2153,0.3340,0.4500,0.7834
186,4102,0,0.4888,0.2855,0.7325,0.8146
186,4157,0,0.2161,0.3337,0.4505,0.7833
187,4102,0,0.4881,0.2854,0.7329,0.8163
187,4157,0,0.2162,0.3335,0.4520,0.7834
188,4102,0,0.4878,0.2854,0.7336,0.8170
188,4157,0,0.2153,0.3326,0.4526,0.7835
189,4102,0,0.4879,0.2854,0.7339,0.8169
189,4157,0,0.2153,0.3321,0.4492,0.7833
190,4102,0,0.4880,0.2858,0.7337,0.8161
190,4157,0,0.2146,0.3319,0.4491,0.7834
191,4102,0,0.4881,0.2860,0.7338,0.8157
191,4157,0,0.2138,0.3319,0.4465,0.7832
192,4102,0,0.4888,0.2861,0.7336,0.8155
192,4157,0,0.2139,0.3316,0.4452,0.7833
193,4102,0,0.4884,0.2861,0.7336,0.8158
193,4157,0,0.2126,0.3314,0.4424,0.7835
194,4102,0,0.4885,0.2859,0.7336,0.8163
194,4157,0,0.2107,0.3312,0.4413,0.7836
195,4102,0,0.4884,0.2859,0.7335,0.8164
195,4157,0,0.2090,0.3310,0.4399,0.7839
196,4102,0,0.4884,0.2856,0.7332,0.8162
196,4157,0,0.2086,0.3313,0.4376,0.7837
197,4102,0,0.4883,0.2852,0.7335,0.8160
197,4157,0,0.2075,0.3315,0.4367,0.7831
198,4102,0,0.4894,0.2851,0.7336,0.8155
198,4157,0,0.2093,0.3318,0.4361,0.7827
199,4102,0,0.4888,0.2849,0.7333,0.8162
199,4157,0,0.2105,0.3321,0.4350,0.7827
200,4102,0,0.4890,0.2848,0.7327,0.8159
200,4157,0,0.2093,0.3321,0.4353,0.7827
201,4102,0,0.4892,0.2850,0.7325,0.8156
201,4157,0,0.2063,0.3319,0.4354,0.7825
202,4102,0,0.4887,0.2852,0.7322,0.8151
202,4157,0,0.2046,0.3318,0.4368,0.7824
203,4102,0,0.4890,0.2853,0.7315,0.8150
203,4157,0,0.2040,0.3317,0.4375,0.7824
204,4102,0,0.4886,0.2857,0.7308,0.8152
204,4157,0,0.2041,0.3317,0.4384,0.7826
205,4102,0,0.4877,0.2857,0.7302,0.8158
205,4157,0,0.2039,0.3318,0.4385,0.7828
206,4102,0,0.4884,0.2860,0.7305,0.8146
206,4157,0,0.2039,0.3325,0.4381,0.7828
207,4102,0,0.4878,0.2861,0.7312,0.8155
207,4157,0,0.2035,0.3330,0.4369,0.7826
208,4102,0,0.4872,0.2861,0.7312,0.8159
208,4157,0,0.2017,0.3338,0.4381,0.7826
209,4102,0,0.4873,0.2859,0.7309,0.8157
209,4157,0,0.2030,0.3341,0.4413,0.7827
210,4102,0,0.4868,0.2861,0.7308,0.8160
210,4157,0,0.2047,0.3351,0.4441,0.7826
211,4102,0,0.4864,0.2861,0.7301,0.8160
211,4157,0,0.2059,0.3353,0.4476,0.7825
212,4102,0,0.4863,0.2863,0.7293,0.8156
212,4157,0,0.2070,0.3349,0.4492,0.7825
213,4102,0,0.4863,0.2862,0.7288,0.8153
213,4157,0,0.2063,0.3346,0.4485,0.7826
214,4102,0,0.4859,0.2863,0.7286,0.8157
214,4157,0,0.2054,0.3343,0.4497,0.7826
215,4102,0,0.4854,0.2863,0.7291,0.8165
215,4157,0,0.2042,0.3341,0.4501,0.7826
216,4102,0,0.4852,0.2861,0.7294,0.8177
216,4157,0,0.2051,0.3336,0.4512,0.7825
217,4102,0,0.4854,0.2859,0.7291,0.8177
217,4157,0,0.2043,0.3333,0.4491,0.7825
218,4102,0,0.4855,0.2859,0.7287,0.8177
218,4157,0,0.2034,0.3334,0.4504,0.7824
219,4102,0,0.4853,0.2860,0.7284,0.8179
219,4157,0,0.2058,0.3328,0.4490,0.7835
220,4102,0,0.4868,0.2861,0.7281,0.8173
220,4157,0,0.2071,0.3316,0.4465,0.7840
221,4102,0,0.4869,0.2861,0.7279,0.8182
221,4157,0,0.2041,0.3322,0.4439,0.7832
222,4102,0,0.4875,0.2862,0.7275,0.8184
222,4157,0,0.2010,0.3321,0.4417,0.7831
223,4102,0,0.4854,0.2864,0.7275,0.8185
223,4157,0,0.1967,0.3320,0.4426,0.7829
224,4102,0,0.4853,0.2864,0.7274,0.8190
224,4157,0,0.1940,0.3318,0.4391,0.7830
225,4102,0,0.4849,0.2863,0.7273,0.8199
225,4157,0,0.1933,0.3322,0.4359,0.7829
226,4102,0,0.4841,0.2863,0.7275,0.8204
226,4157,0,0.1936,0.3329,0.4334,0.7830
227,4102,0,0.4842,0.2864,0.7274,0.8205
227,4157,0,0.1933,0.3339,0.4320,0.7831
228,4102,0,0.4842,0.2863,0.7272,0.8209
228,4157,0,0.1924,0.3345,0.4320,0.7832
229,4102,0,0.4845,0.2861,0.7271,0.8217
229,4157,0,0.1896,0.3347,0.4325,0.7832
230,4102,0,0.4848,0.2859,0.7267,0.8217
230,4157,0,0.1872,0.3350,0.4337,0.7831
231,4102,0,0.4847,0.2860,0.7265,0.8216
231,4157,0,0.1866,0.3355,0.4359,0.7831
232,4102,0,0.4842,0.2861,0.7265,0.8220
232,4157,0,0.1871,0.3356,0.4386,0.7832
233,4102,0,0.4838,0.2862,0.7258,0.8220
233,4157,0,0.1871,0.3355,0.4407,0.7833
234,4102,0,0.4830,0.2862,0.7255,0.8220
234,4157,0,0.1887,0.3353,0.4427,0.7831
235,4102,0,0.4825,0.2863,0.7255,0.8223
235,4157,0,0.1895,0.3356,0.4434,0.7829
236,4102,0,0.4823,0.2865,0.7250,0.8224
236,4157,0,0.1912,0.3356,0.4432,0.7832
237,4102,0,0.4823,0.2866,0.7255,0.8222
237,4157,0,0.1924,0.3359,0.4418,0.7833
238,4102,0,0.4829,0.2866,0.7250,0.8218
238,4157,0,0.1933,0.3364,0.4416,0.7832
239,4102,0,0.4827,0.2866,0.7244,0.8213
239,4157,0,0.1944,0.3369,0.4410,0.7832
240,4102,0,0.4831,0.2865,0.7232,0.8208
240,4157,0,0.1968,0.3379,0.4405,0.7833
241,4102,0,0.4833,0.2865,0.7223,0.8206
241,4157,0,0.1994,0.3381,0.4390,0.7832
242,4102,0,0.4833,0.2867,0.7211,0.8203
242,4157,0,0.2023,0.3384,0.4387,0.7830
243,4102,0,0.4833,0.2867,0.7207,0.8197
243,4157,0,0.2059,0.3385,0.4388,0.7830
244,4102,0,0.4834,0.2868,0.7213,0.8198
244,4157,0,0.2082,0.3383,0.4398,0.7829
245,4102,0,0.4825,0.2867,0.7204,0.8200
245,4157,0,0.2091,0.3384,0.4400,0.7830
246,4102,0,0.4829,0.2862,0.7194,0.8191
246,4157,0,0.2090,0.3383,0.4400,0.7831
247,4102,0,0.4827,0.2860,0.7194,0.8187
247,4157,0,0.2066,0.3384,0.4397,0.7834
248,4102,0,0.4819,0.2854,0.7188,0.8181
248,4157,0,0.2052,0.3384,0.4396,0.7834
249,4102,0,0.4811,0.2846,0.7177,0.8182
249,4157,0,0.2058,0.3382,0.4400,0.7833
250,4102,0,0.4806,0.2842,0.7172,0.8183
250,4157,0,0.2068,0.3378,0.4404,0.7833
251,4102,0,0.4803,0.2842,0.7174,0.8185
251,4157,0,0.2065,0.3378,0.4414,0.7833
252,4102,0,0.4800,0.2840,0.7168,0.8181
252,4157,0,0.2062,0.3369,0.4412,0.7831
253,4102,0,0.4802,0.2838,0.7159,0.8197
253,4157,0,0.2060,0.3362,0.4425,0.7831
254,4102,0,0.4796,0.2835,0.7147,0.8207
254,4157,0,0.2054,0.3349,0.4422,0.7830
255,4102,0,0.4793,0.2832,0.7141,0.8211
255,4157,0,0.2049,0.3333,0.4439,0.7828
256,4102,0,0.4789,0.2833,0.7140,0.8212
256,4157,0,0.2052,0.3324,0.4464,0.7827
257,4102,0,0.4785,0.2835,0.7144,0.8213
257,4157,0,0.2058,0.3317,0.4486,0.7827
258,4102,0,0.4786,0.2837,0.7143,0.8216
258,4157,0,0.2062,0.3309,0.4506,0.7826
259,4102,0,0.4784,0.2837,0.7140,0.8219
259,4157,0,0.2070,0.3309,0.4511,0.7826
260,4102,0,0.4776,0.2836,0.7139,0.8223
260,4157,0,0.2077,0.3314,0.4506,0.7824
261,4102,0,0.4774,0.2836,0.7138,0.8223
261,4157,0,0.2071,0.3314,0.4505,0.7824
262,4102,0,0.4773,0.2835,0.7144,0.8221
262,4157,0,0.2053,0.3314,0.4498,0.7826
263,4102,0,0.4763,0.2835,0.7140,0.8218
263,4157,0,0.2046,0.3311,0.4490,0.7828
264,4102,0,0.4768,0.2840,0.7134,0.8218
264,4157,0,0.2038,0.3311,0.4484,0.7831
265,4102,0,0.4768,0.2839,0.7131,0.8197
265,4157,0,0.2034,0.3310,0.4493,0.7831
266,4102,0,0.4767,0.2842,0.7112,0.8203
266,4157,0,0.2030,0.3304,0.4482,0.7833
267,4102,0,0.4773,0.2844,0.7099,0.8198
267,4157,0,0.2011,0.3307,0.4474,0.7844
268,4102,0,0.4777,0.2844,0.7094,0.8198
268,4157,0,0.2004,0.3308,0.4447,0.7848
269,4102,0,0.4781,0.2844,0.7099,0.8184
269,4157,0,0.2015,0.3312,0.4432,0.7842
270,4102,0,0.4777,0.2843,0.7097,0.8188
270,4157,0,0.2040,0.3313,0.4440,0.7842
271,4102,0,0.4773,0.2844,0.7094,0.8197
271,4157,0,0.2050,0.3315,0.4444,0.7847
272,4102,0,0.4765,0.2845,0.7084,0.8203
272,4157,0,0.2062,0.3316,0.4447,0.7847
273,4102,0,0.4762,0.2843,0.7074,0.8211
273,4157,0,0.2090,0.3313,0.4438,0.7839
274,4102,0,0.4762,0.2844,0.7067,0.8212
274,4157,0,0.2094,0.3311,0.4430,0.7836
275,4102,0,0.4760,0.2845,0.7065,0.8214
275,4157,0,0.2070,0.3308,0.4414,0.7839
276,4102,0,0.4758,0.2845,0.7056,0.8212
276,4157,0,0.2043,0.3308,0.4406,0.7840
277,4102,0,0.4756,0.2846,0.7051,0.8211
277,4157,0,0.2021,0.3306,0.4413,0.7838
278,4102,0,0.4759,0.2847,0.7056,0.8214
278,4157,0,0.2012,0.3307,0.4429,0.7831
279,4102,0,0.4756,0.2848,0.7053,0.8217
279,4157,0,0.2016,0.3307,0.4439,0.7825
280,4102,0,0.4753,0.2850,0.7046,0.8222
280,4157,0,0.2030,0.3303,0.4453,0.7819
281,4102,0,0.4751,0.2848,0.7037,0.8225
281,4157,0,0.2058,0.3302,0.4450,0.7805
282,4102,0,0.4750,0.2846,0.7041,0.8228
282,4157,0,0.2071,0.3304,0.4452,0.7798
283,4102,0,0.4745,0.2845,0.7041,0.8227
283,4157,0,0.2068,0.3304,0.4451,0.7794
284,4102,0,0.4743,0.2848,0.7032,0.8225
284,4157,0,0.2075,0.3303,0.4446,0.7787
285,4102,0,0.4741,0.2851,0.7033,0.8224
285,4157,0,0.2082,0.3300,0.4449,0.7778
286,4102,0,0.4739,0.2851,0.7032,0.8226
286,4157,0,0.2093,0.3307,0.4447,0.7772
287,4102,0,0.4735,0.2854,0.7030,0.8222
287,4157,0,0.2113,0.3310,0.4455,0.7755
288,4102,0,0.4738,0.2855,0.7030,0.8221
288,4157,0,0.2124,0.3313,0.4462,0.7746
289,4102,0,0.4736,0.2854,0.7025,0.8220
289,4157,0,0.2134,0.3324,0.4476,0.7742
290,4102,0,0.4738,0.2858,0.7028,0.8215
290,4157,0,0.2134,0.3327,0.4486,0.7738
291,4102,0,0.4737,0.2862,0.7032,0.8210
291,4157,0,0.2134,0.3338,0.4489,0.7737
292,4102,0,0.4741,0.2864,0.7031,0.8204
292,4157,0,0.2138,0.3344,0.4499,0.7736
293,4102,0,0.4745,0.2861,0.7030,0.8196
293,4157,0,0.2137,0.3347,0.4505,0.7739
294,4102,0,0.4751,0.2863,0.7032,0.8195
294,4157,0,0.2131,0.3351,0.4512,0.7739
295,4102,0,0.4755,0.2862,0.7042,0.8193
295,4157,0,0.2125,0.3353,0.4520,0.7738
296,4102,0,0.4755,0.2864,0.7042,0.8186
296,4157,0,0.2111,0.3351,0.4556,0.7738
297,4102,0,0.4757,0.2865,0.7043,0.8183
297,4157,0,0.2039,0.3349,0.4562,0.7739
298,4102,0,0.4757,0.2866,0.7042,0.8181
298,4157,0,0.1997,0.3352,0.4544,0.7737
299,4102,0,0.4756,0.2866,0.7042,0.8178
299,4157,0,0.1969,0.3350,0.4537,0.7737
300,4102,0,0.4751,0.2868,0.7042,0.8173
300,4157,0,0.1957,0.3347,0.4538,0.7736
301,4102,0,0.4749,0.2869,0.7047,0.8170
301,4157,0,0.1921,0.3343,0.4546,0.7732
302,4102,0,0.4746,0.2871,0.7052,0.8167
302,4157,0,0.1888,0.3341,0.4548,0.7717
303,4102,0,0.4745,0.2872,0.7056,0.8167
303,4157,0,0.1853,0.3337,0.4532,0.7705
304,4102,0,0.4770,0.2868,0.7070,0.8158
304,4157,0,0.1841,0.3341,0.4502,0.7699
305,4102,0,0.4775,0.2867,0.7081,0.8156
305,4157,0,0.1841,0.3341,0.4458,0.7694
306,4102,0,0.4781,0.2866,0.7092,0.8162
306,4157,0,0.1850,0.3338,0.4401,0.7693
307,4102,0,0.4762,0.2867,0.7088,0.8178
307,4157,0,0.1854,0.3337,0.4370,0.7695
308,4102,0,0.4777,0.2865,0.7095,0.8191
308,4157,0,0.1852,0.3330,0.4349,0.7697
309,4102,0,0.4772,0.2863,0.7097,0.8204
309,4157,0,0.1848,0.3317,0.4328,0.7696
310,4102,0,0.4770,0.2865,0.7097,0.8210
310,4157,0,0.1832,0.3311,0.4331,0.7690
311,4102,0,0.4769,0.2865,0.7100,0.8219
311,4157,0,0.1807,0.3305,0.4315,0.7694
312,4102,0,0.4742,0.2867,0.7097,0.8221
312,4157,0,0.1747,0.3304,0.4288,0.7694
313,4102,0,0.4743,0.2865,0.7101,0.8214
313,4157,0,0.1673,0.3309,0.4225,0.7694
314,4102,0,0.4740,0.2862,0.7098,0.8216
314,4157,0,0.1622,0.3307,0.4173,0.7696
315,4102,0,0.4744,0.2856,0.7099,0.8210
315,4157,0,0.1604,0.3303,0.4132,0.7705
316,4102,0,0.4773,0.2849,0.7103,0.8208
316,4157,0,0.1587,0.3303,0.4086,0.7709
317,4102,0,0.4780,0.2846,0.7109,0.8207
317,4157,0,0.1583,0.3302,0.4031,0.7716
318,4102,0,0.4781,0.2842,0.7112,0.8209
318,4157,0,0.1559,0.3305,0.4004,0.7713
319,4102,0,0.4791,0.2842,0.7112,0.8210
319,4157,0,0.1524,0.3312,0.3990,0.7712
320,4102,0,0.4791,0.2844,0.7113,0.8207
320,4157,0,0.1488,0.3312,0.3971,0.7722
321,4102,0,0.4791,0.2843,0.7118,0.8201
321,4157,0,0.1413,0.3316,0.3945,0.7718
322,4102,0,0.4793,0.2844,0.7120,0.8197
322,4157,0,0.1357,0.3317,0.3898,0.7718
323,4102,0,0.4800,0.2843,0.7121,0.8193
323,4157,0,0.1310,0.3309,0.3885,0.7723
324,4102,0,0.4805,0.2840,0.7124,0.8190
324,4157,0,0.1284,0.3301,0.3856,0.7725
325,4102,0,0.4808,0.2838,0.7122,0.8189
325,4157,0,0.1268,0.3299,0.3821,0.7725
326,4102,0,0.4804,0.2838,0.7127,0.8196
326,4157,0,0.1236,0.3296,0.3827,0.7726
327,4102,0,0.4808,0.2837,0.7128,0.8200
327,4157,0,0.1232,0.3292,0.3829,0.7726
328,4102,0,0.4814,0.2835,0.7126,0.8206
328,4157,0,0.1224,0.3290,0.3813,0.7725
329,4102,0,0.4817,0.2835,0.7128,0.8213
329,4157,0,0.1240,0.3289,0.3813,0.7725
330,4102,0,0.4816,0.2835,0.7133,0.8215
330,4157,0,0.1189,0.3289,0.3814,0.7723
331,4102,0,0.4816,0.2838,0.7137,0.8214
331,4157,0,0.1145,0.3292,0.3809,0.7721
332,4102,0,0.4805,0.2848,0.7145,0.8222
332,4157,0,0.1116,0.3295,0.3803,0.7720
333,4102,0,0.4790,0.2857,0.7149,0.8223
333,4157,0,0.1122,0.3297,0.3835,0.7720
334,4102,0,0.4759,0.2863,0.7162,0.8207
334,4157,0,0.1128,0.3298,0.3874,0.7715
335,4102,0,0.4742,0.2869,0.7171,0.8203
335,4157,0,0.1148,0.3296,0.3896,0.7719
336,4102,0,0.4763,0.2872,0.7178,0.8186
336,4157,0,0.1155,0.3293,0.3915,0.7717
337,4102,0,0.4788,0.2872,0.7184,0.8172
337,4157,0,0.1166,0.3294,0.3928,0.7717
338,4102,0,0.4747,0.2874,0.7196,0.8148
338,4157,0,0.1167,0.3290,0.3923,0.7715
339,4102,0,0.4684,0.2873,0.7200,0.8126
339,4157,0,0.1186,0.3288,0.3939,0.7712
340,4102,0,0.4672,0.2877,0.7212,0.8081
340,4157,0,0.1217,0.3286,0.3978,0.7710
341,4102,0,0.4667,0.2878,0.7221,0.7999
341,4157,0,0.1264,0.3287,0.3998,0.7712
342,4102,0,0.4671,0.2881,0.7234,0.7922
342,4157,0,0.1309,0.3289,0.4023,0.7710
343,4102,0,0.4674,0.2879,0.7253,0.7844
343,4157,0,0.1394,0.3290,0.4089,0.7711
344,4102,0,0.4667,0.2874,0.7260,0.7801
344,4157,0,0.1441,0.3294,0.4165,0.7713
345,4102,0,0.4676,0.2884,0.7267,0.7786
345,4157,0,0.1492,0.3301,0.4229,0.7714
346,4102,0,0.4667,0.2889,0.7279,0.7793
346,4157,0,0.1566,0.3305,0.4297,0.7715
347,4102,0,0.4668,0.2891,0.7284,0.7801
347,4157,0,0.1623,0.3304,0.4361,0.7714
348,4102,0,0.4676,0.2904,0.7289,0.7802
348,4157,0,0.1717,0.3302,0.4389,0.7710
349,4102,0,0.4678,0.2937,0.7299,0.7803
349,4157,0,0.1755,0.3298,0.4409,0.7709
350,4102,0,0.4662,0.2952,0.7317,0.7800
350,4157,0,0.1720,0.3294,0.4409,0.7711
351,4102,0,0.4721,0.2967,0.7362,0.7805
351,4157,0,0.1721,0.3293,0.4393,0.7716
352,4102,0,0.4748,0.2973,0.7396,0.7807
352,4157,0,0.1677,0.3293,0.4323,0.7718
353,4102,0,0.4759,0.2978,0.7421,0.7808
353,4157,0,0.1478,0.3280,0.4280,0.7719
354,4102,0,0.4770,0.2982,0.7442,0.7804
354,4157,0,0.1251,0.3272,0.4275,0.7719
355,4102,0,0.4771,0.2986,0.7464,0.7800
355,4157,0,0.1020,0.3267,0.4286,0.7711
356,4102,0,0.4764,0.2983,0.7487,0.7789
356,4157,0,0.0798,0.3275,0.4280,0.7709
357,4102,0,0.4769,0.2978,0.7505,0.7796
357,4157,0,0.0615,0.3270,0.4250,0.7707
358,4102,0,0.4772,0.2977,0.7536,0.7772
358,4157,0,0.0524,0.3272,0.4226,0.7704
359,4102,0,0.4804,0.2978,0.7571,0.7716
359,4157,0,0.0489,0.3277,0.4197,0.7711
360,4102,0,0.4809,0.2963,0.7581,0.7656
360,4157,0,0.0472,0.3282,0.4160,0.7717
361,4102,0,0.4710,0.2955,0.7587,0.7626
361,4157,0,0.0452,0.3288,0.4114,0.7718
362,4102,0,0.4583,0.2947,0.7574,0.7602
362,4157,0,0.0441,0.3288,0.4029,0.7721
363,4102,0,0.4525,0.2924,0.7544,0.7598
363,4157,0,0.0435,0.3287,0.4010,0.7723
364,4102,0,0.4541,0.2910,0.7505,0.7596
364,4157,0,0.0439,0.3292,0.4045,0.7725
365,4102,0,0.4577,0.2915,0.7467,0.7585
365,4157,0,0.0432,0.3295,0.4028,0.7723
366,4102,0,0.4572,0.2923,0.7432,0.7588
366,4157,0,0.0442,0.3291,0.3959,0.7726
367,4102,0,0.4566,0.2926,0.7413,0.7586
367,4157,0,0.0434,0.3296,0.3743,0.7731
368,4102,0,0.4536,0.2935,0.7363,0.7590
368,4157,0,0.0411,0.3304,0.3668,0.7723
369,4102,0,0.4516,0.2945,0.7320,0.7592
369,4157,0,0.0411,0.3317,0.3584,0.7712
370,4102,0,0.4479,0.2945,0.7286,0.7584
370,4157,0,0.0416,0.3315,0.3466,0.7702
371,4102,0,0.4450,0.2946,0.7273,0.7561
371,4157,0,0.0407,0.3314,0.3380,0.7687
372,4102,0,0.4440,0.2952,0.7270,0.7552
372,4157,0,0.0365,0.3315,0.3102,0.7678
373,4102,0,0.4436,0.2957,0.7285,0.7540
373,4157,0,0.0313,0.3314,0.2971,0.7681
374,4102,0,0.4447,0.2948,0.7327,0.7533
374,4157,0,0.0253,0.3314,0.2869,0.7701
375,4102,0,0.4465,0.2932,0.7384,0.7521
375,4157,0,0.0187,0.3255,0.2881,0.7723
376,4102,0,0.4495,0.2938,0.7466,0.7500
376,4157,0,0.0130,0.3244,0.2889,0.7731
377,4102,0,0.4508,0.2928,0.7634,0.7501
377,4157,0,0.0083,0.3267,0.2888,0.7738
378,4102,0,0.4515,0.2929,0.7828,0.7508
378,4157,0,0.0038,0.3265,0.2852,0.7727
379,4102,0,0.4532,0.2915,0.7989,0.7519
379,4157,0,0.0019,0.3270,0.2833,0.7687
380,4102,0,0.4556,0.2914,0.8152,0.7527
380,4157,0,0.0003,0.3280,0.2801,0.7630
381,4102,0,0.4575,0.2934,0.8288,0.7535
381,4157,0,0.0000,0.3283,0.2758,0.7607
382,4102,0,0.4584,0.2950,0.8366,0.7559
382,4157,0,0.0000,0.3289,0.2761,0.7596
