# resolution: 1080,1920
frame,track_id,class,x1_norm,y1_norm,x2_norm,y2_norm
0,2057,0,0.3853,0.3071,0.5296,0.6205
1,2057,0,0.3861,0.3065,0.5290,0.6215
2,2057,0,0.3838,0.3061,0.5288,0.6224
3,2057,0,0.3760,0.3059,0.5281,0.6236
4,2057,0,0.3665,0.3056,0.5283,0.6244
5,2057,0,0.3552,0.3054,0.5309,0.6247
6,2057,0,0.3479,0.3058,0.5340,0.6250
7,2057,0,0.3429,0.3050,0.5361,0.6253
8,2057,0,0.3397,0.3044,0.5382,0.6256
9,2057,0,0.3360,0.3042,0.5402,0.6256
10,2057,0,0.3326,0.3043,0.5441,0.6259
11,2057,0,0.3313,0.3039,0.5470,0.6258
12,2057,0,0.3296,0.3032,0.5489,0.6254
13,2057,0,0.3273,0.3023,0.5504,0.6250
14,2057,0,0.3246,0.3018,0.5523,0.6239
15,2057,0,0.3217,0.3012,0.5548,0.6247
16,2057,0,0.3185,0.3008,0.5561,0.6254
17,2057,0,0.3152,0.2992,0.5581,0.6259
18,2057,0,0.3118,0.2990,0.5581,0.6271
19,2057,0,0.3068,0.2983,0.5575,0.6282
20,2057,0,0.2977,0.2978,0.5569,0.6284
21,2057,0,0.2897,0.2980,0.5563,0.6285
22,2057,0,0.2817,0.2977,0.5552,0.6290
23,2057,0,0.2761,0.2974,0.5540,0.6296
24,2057,0,0.2736,0.2987,0.5530,0.6314
25,2057,0,0.2728,0.2988,0.5514,0.6332
26,2057,0,0.2720,0.2984,0.5490,0.6350
27,2057,0,0.2713,0.2972,0.5443,0.6363
28,2057,0,0.2697,0.2948,0.5398,0.6364
29,2057,0,0.2676,0.2937,0.5359,0.6367
30,2057,0,0.2637,0.2921,0.5303,0.6368
31,2057,0,0.2576,0.2900,0.5263,0.6373
32,2057,0,0.2514,0.2903,0.5232,0.6369
33,2057,0,0.2464,0.2905,0.5208,0.6367
34,2057,0,0.2410,0.2893,0.5199,0.6362
35,2057,0,0.2331,0.2877,0.5184,0.6362
36,2057,0,0.2238,0.2861,0.5176,0.6370
37,2057,0,0.2175,0.2853,0.5172,0.6398
38,2057,0,0.2134,0.2847,0.5163,0.6436
39,2057,0,0.2113,0.2842,0.5163,0.6479
40,2057,0,0.2099,0.2841,0.5187,0.6515
41,2057,0,0.2087,0.2842,0.5199,0.6517
42,2057,0,0.2082,0.2837,0.5232,0.6525
43,2057,0,0.2080,0.2835,0.5252,0.6539
44,2057,0,0.2086,0.2830,0.5282,0.6557
45,2057,0,0.2101,0.2829,0.5327,0.6584
46,2057,0,0.2114,0.2833,0.5361,0.6615
47,2057,0,0.2134,0.2819,0.5388,0.6623
48,2057,0,0.2144,0.2791,0.5434,0.6625
49,2057,0,0.2195,0.2768,0.5492,0.6624
50,2057,0,0.2274,0.2747,0.5547,0.6626
51,2057,0,0.2339,0.2738,0.5592,0.6628
52,2057,0,0.2409,0.2729,0.5635,0.6629
53,2057,0,0.2460,0.2718,0.5673,0.6623
54,2057,0,0.2518,0.2716,0.5710,0.6625
55,2057,0,0.2584,0.2705,0.5737,0.6627
56,2057,0,0.2648,0.2700,0.5765,0.6620
57,2057,0,0.2698,0.2689,0.5791,0.6620
58,2057,0,0.2729,0.2683,0.5816,0.6646
59,2057,0,0.2737,0.2675,0.5838,0.6689
60,2057,0,0.2744,0.2667,0.5852,0.6712
61,2057,0,0.2753,0.2674,0.5872,0.6710
62,2057,0,0.2754,0.2679,0.5884,0.6714
63,2057,0,0.2736,0.2669,0.5888,0.6765
64,2057,0,0.2716,0.2668,0.5888,0.6813
65,2057,0,0.2691,0.2662,0.5893,0.6848
66,2057,0,0.2655,0.2651,0.5889,0.6863
67,2057,0,0.2613,0.2624,0.5873,0.6872
68,2057,0,0.2569,0.2599,0.5858,0.6877
69,2057,0,0.2525,0.2582,0.5853,0.6879
70,2057,0,0.2493,0.2567,0.5855,0.6879
71,2057,0,0.2465,0.2556,0.5842,0.6871
72,2057,0,0.2429,0.2530,0.5799,0.6876
73,2057,0,0.2376,0.2506,0.5808,0.6872
74,2057,0,0.2328,0.2486,0.5809,0.6868
75,2057,0,0.2292,0.2474,0.5815,0.6864
76,2057,0,0.2257,0.2464,0.5820,0.6875
77,2057,0,0.2223,0.2457,0.5841,0.6908
78,2057,0,0.2200,0.2451,0.5862,0.6969
79,2057,0,0.2174,0.2452,0.5878,0.7041
80,2057,0,0.2170,0.2450,0.5914,0.7060
81,2057,0,0.2165,0.2450,0.5926,0.7077
82,2057,0,0.2160,0.2448,0.5959,0.7111
83,2057,0,0.2147,0.2441,0.6002,0.7151
84,2057,0,0.2142,0.2432,0.6030,0.7188
85,2057,0,0.2127,0.2417,0.6053,0.7219
86,2057,0,0.2132,0.2396,0.6081,0.7241
87,2057,0,0.2137,0.2374,0.6124,0.7262
88,2057,0,0.2156,0.2359,0.6171,0.7265
89,2057,0,0.2164,0.2338,0.6214,0.7269
90,2057,0,0.2185,0.2319,0.6266,0.7280
91,2057,0,0.2209,0.2283,0.6297,0.7277
92,2057,0,0.2218,0.2260,0.6339,0.7277
93,2057,0,0.2244,0.2251,0.6393,0.7279
94,2057,0,0.2275,0.2240,0.6436,0.7274
95,2057,0,0.2305,0.2216,0.6473,0.7274
96,2057,0,0.2344,0.2192,0.6481,0.7325
97,2057,0,0.2363,0.2181,0.6491,0.7385
98,2057,0,0.2370,0.2175,0.6497,0.7429
99,2057,0,0.2369,0.2171,0.6509,0.7463
100,2057,0,0.2353,0.2171,0.6534,0.7463
101,2057,0,0.2327,0.2162,0.6548,0.7555
102,2057,0,0.2284,0.2153,0.6558,0.7644
103,2057,0,0.2238,0.2138,0.6563,0.7690
104,2057,0,0.2196,0.2110,0.6565,0.7706
105,2057,0,0.2138,0.2081,0.6570,0.7704
106,2057,0,0.2088,0.2045,0.6570,0.7704
107,2057,0,0.2029,0.2013,0.6564,0.7710
108,2057,0,0.1992,0.1975,0.6560,0.7713
109,2057,0,0.1957,0.1938,0.6557,0.7718
110,2057,0,0.1912,0.1905,0.6563,0.7725
111,2057,0,0.1873,0.1875,0.6570,0.7721
112,2057,0,0.1834,0.1848,0.6592,0.7722
113,2057,0,0.1820,0.1830,0.6624,0.7749
114,2057,0,0.1820,0.1811,0.6637,0.7814
115,2057,0,0.1828,0.1799,0.6669,0.7936
116,2057,0,0.1843,0.1797,0.6724,0.8005
117,2057,0,0.1883,0.1799,0.6767,0.8049
118,2057,0,0.1920,0.1797,0.6806,0.8129
119,2057,0,0.1945,0.1792,0.6862,0.8207
120,2057,0,0.1970,0.1791,0.6918,0.8269
121,2057,0,0.2009,0.1780,0.7001,0.8312
122,2057,0,0.2033,0.1768,0.7063,0.8328
123,2057,0,0.2052,0.1737,0.7141,0.8327
124,2057,0,0.2043,0.1716,0.7241,0.8370
125,2057,0,0.2021,0.1682,0.7325,0.8411
126,2057,0,0.1990,0.1624,0.7395,0.8413
127,2057,0,0.1924,0.1596,0.7479,0.8366
128,2057,0,0.1856,0.1570,0.7552,0.8354
129,2057,0,0.1815,0.1543,0.7616,0.8373
130,2057,0,0.1791,0.1504,0.7668,0.8405
131,2057,0,0.1782,0.1475,0.7716,0.8467
132,2057,0,0.1774,0.1432,0.7760,0.8532
133,2057,0,0.1769,0.1397,0.7808,0.8572
134,2057,0,0.1769,0.1376,0.7841,0.8616
135,2057,0,0.1775,0.1360,0.7859,0.8717
136,2057,0,0.1774,0.1349,0.7860,0.8909
137,2057,0,0.1778,0.1336,0.7854,0.8887
138,2057,0,0.1783,0.1325,0.7839,0.8822
139,2057,0,0.1830,0.1311,0.7823,0.8806
140,2057,0,0.1904,0.1294,0.7804,0.8875
141,2057,0,0.1970,0.1268,0.7810,0.8970
142,2057,0,0.2017,0.1245,0.7824,0.9015
143,2057,0,0.2039,0.1220,0.7853,0.9027
144,2057,0,0.2051,0.1191,0.7872,0.8977
145,2057,0,0.2047,0.1155,0.7892,0.8983
146,2057,0,0.2022,0.1138,0.7911,0.8942
147,2057,0,0.1978,0.1131,0.7944,0.8953
148,2057,0,0.1928,0.1120,0.7951,0.8998
149,2057,0,0.1843,0.1115,0.7957,0.9024
150,2057,0,0.1748,0.1093,0.7950,0.9047
151,2057,0,0.1613,0.1086,0.7939,0.9057
152,2057,0,0.1501,0.1094,0.7893,0.9069
153,2057,0,0.1425,0.1065,0.7821,0.9093
154,2057,0,0.1433,0.1033,0.7746,0.9095
155,2057,0,0.1468,0.1008,0.7627,0.9082
156,2057,0,0.1584,0.0978,0.7478,0.9092
157,2057,0,0.1815,0.0948,0.7343,0.9107
158,2057,0,0.2067,0.0866,0.7169,0.9085
159,2057,0,0.2376,0.0822,0.7086,0.9042
160,2057,0,0.2716,0.0858,0.7091,0.8966
161,2057,0,0.3048,0.0911,0.7152,0.8986
162,2057,0,0.3412,0.0953,0.7205,0.8989
163,2057,0,0.3713,0.0984,0.7193,0.8985
164,2057,0,0.3814,0.1013,0.7180,0.8964
165,2057,0,0.3887,0.1044,0.7152,0.8995
166,2057,0,0.3939,0.1073,0.7156,0.8976
167,2057,0,0.4008,0.1102,0.7078,0.8951
168,2057,0,0.3952,0.1123,0.7044,0.8951
169,2057,0,0.3927,0.1151,0.7030,0.8950
170,2057,0,0.3854,0.1180,0.7014,0.8947
171,2057,0,0.3687,0.1222,0.7028,0.8976
172,2057,0,0.3567,0.1255,0.7030,0.9016
173,2057,0,0.3434,0.1282,0.7025,0.9013
174,2057,0,0.3314,0.1316,0.7036,0.9017
175,2057,0,0.3209,0.1359,0.7054,0.9031
176,2057,0,0.3112,0.1403,0.7081,0.9055
177,2057,0,0.2993,0.1436,0.7138,0.9057
178,2057,0,0.2894,0.1469,0.7203,0.9046
179,2057,0,0.2859,0.1518,0.7248,0.8945
180,2057,0,0.2844,0.1553,0.7292,0.8779
181,2057,0,0.2858,0.1586,0.7327,0.8583
182,2057,0,0.2857,0.1605,0.7371,0.8475
183,2057,0,0.2867,0.1619,0.7408,0.8409
184,2057,0,0.2880,0.1643,0.7435,0.8341
185,2057,0,0.2873,0.1674,0.7458,0.8300
186,2057,0,0.2852,0.1735,0.7464,0.8333
187,2057,0,0.2866,0.1751,0.7492,0.8363
188,2057,0,0.2876,0.1769,0.7505,0.8369
189,2057,0,0.2885,0.1789,0.7512,0.8366
190,2057,0,0.2884,0.1816,0.7519,0.8357
191,2057,0,0.2881,0.1868,0.7514,0.8347
192,2057,0,0.2857,0.1902,0.7499,0.8315
193,2057,0,0.2835,0.1939,0.7473,0.8288
194,2057,0,0.2818,0.1976,0.7429,0.8254
195,2057,0,0.2819,0.2004,0.7361,0.8203
196,2057,0,0.2793,0.2013,0.7311,0.8132
197,2057,0,0.2828,0.2018,0.7272,0.8064
198,2057,0,0.2839,0.2030,0.7208,0.7981
199,2057,0,0.2867,0.2043,0.7145,0.7859
200,2057,0,0.2880,0.2039,0.7069,0.7747
201,2057,0,0.2885,0.2045,0.7016,0.7658
202,2057,0,0.2899,0.2056,0.6960,0.7606
203,2057,0,0.2910,0.2066,0.6908,0.7578
204,2057,0,0.2918,0.2077,0.6860,0.7567
205,2057,0,0.2921,0.2106,0.6825,0.7563
206,2057,0,0.2932,0.2153,0.6775,0.7562
207,2057,0,0.2934,0.2188,0.6706,0.7566
208,2057,0,0.2953,0.2218,0.6628,0.7565
209,2057,0,0.2982,0.2251,0.6579,0.7544
210,2057,0,0.3011,0.2285,0.6522,0.7528
211,2057,0,0.3040,0.2329,0.6477,0.7504
212,2057,0,0.3064,0.2367,0.6460,0.7464
213,2057,0,0.3066,0.2399,0.6459,0.7417
214,2057,0,0.3076,0.2404,0.6453,0.7396
215,2057,0,0.3094,0.2415,0.6481,0.7368
216,2057,0,0.3106,0.2426,0.6516,0.7261
217,2057,0,0.3115,0.2427,0.6537,0.7197
218,2057,0,0.3105,0.2429,0.6558,0.7116
219,2057,0,0.3112,0.2432,0.6574,0.7077
220,2057,0,0.3103,0.2436,0.6585,0.7070
221,2057,0,0.3102,0.2420,0.6579,0.7075
222,2057,0,0.3091,0.2439,0.6561,0.7074
223,2057,0,0.3087,0.2455,0.6537,0.7073
224,2057,0,0.3086,0.2477,0.6512,0.7077
225,2057,0,0.3080,0.2499,0.6453,0.7077
226,2057,0,0.3077,0.2517,0.6402,0.7077
227,2057,0,0.3063,0.2537,0.6340,0.7069
228,2057,0,0.3049,0.2569,0.6301,0.7063
229,2057,0,0.3032,0.2586,0.6250,0.7053
230,2057,0,0.3019,0.2597,0.6209,0.7021
231,2057,0,0.3007,0.2605,0.6163,0.6999
232,2057,0,0.3003,0.2617,0.6126,0.6972
233,2057,0,0.2992,0.2632,0.6078,0.6941
234,2057,0,0.2975,0.2641,0.6047,0.6871
235,2057,0,0.2967,0.2645,0.6030,0.6820
236,2057,0,0.2951,0.2647,0.6020,0.6752
237,2057,0,0.2942,0.2650,0.6021,0.6719
238,2057,0,0.2940,0.2661,0.6005,0.6704
239,2057,0,0.2944,0.2671,0.5998,0.6701
240,2057,0,0.2946,0.2685,0.5988,0.6699
241,2057,0,0.2955,0.2701,0.5971,0.6696
242,2057,0,0.2963,0.2717,0.5960,0.6694
243,2057,0,0.2981,0.2734,0.5948,0.6693
244,2057,0,0.2999,0.2752,0.5949,0.6691
245,2057,0,0.3010,0.2774,0.5969,0.6686
246,2057,0,0.3030,0.2797,0.5982,0.6683
247,2057,0,0.3037,0.2825,0.5995,0.6678
248,2057,0,0.3045,0.2848,0.6004,0.6664
249,2057,0,0.3062,0.2862,0.6010,0.6627
250,2057,0,0.3093,0.2865,0.6013,0.6604
251,2057,0,0.3121,0.2871,0.6001,0.6596
252,2057,0,0.3126,0.2873,0.5995,0.6557
253,2057,0,0.3135,0.2863,0.5952,0.6502
254,2057,0,0.3118,0.2869,0.5900,0.6467
255,2057,0,0.3110,0.2872,0.5857,0.6447
256,2057,0,0.3099,0.2870,0.5799,0.6439
257,2057,0,0.3095,0.2874,0.5757,0.6437
258,2057,0,0.3093,0.2873,0.5680,0.6426
259,2057,0,0.3101,0.2872,0.5621,0.6422
260,2057,0,0.3105,0.2875,0.5566,0.6415
261,2057,0,0.3102,0.2878,0.5517,0.6416
262,2057,0,0.3092,0.2885,0.5453,0.6420
263,2057,0,0.3084,0.2893,0.5410,0.6422
264,2057,0,0.3072,0.2901,0.5346,0.6417
265,2057,0,0.3063,0.2913,0.5295,0.6405
266,2057,0,0.3039,0.2917,0.5236,0.6396
267,2057,0,0.3023,0.2926,0.5181,0.6386
268,2057,0,0.3002,0.2926,0.5132,0.6374
269,2057,0,0.2997,0.2929,0.5083,0.6356
270,2057,0,0.2990,0.2931,0.5044,0.6334
271,2057,0,0.2993,0.2926,0.5004,0.6311
272,2057,0,0.2997,0.2924,0.4969,0.6296
273,2057,0,0.2997,0.2936,0.4918,0.6280
274,2057,0,0.3002,0.2938,0.4889,0.6269
275,2057,0,0.3014,0.2936,0.4856,0.6273
276,2057,0,0.3037,0.2937,0.4823,0.6272
277,2057,0,0.3089,0.2939,0.4774,0.6266
278,2057,0,0.3143,0.2941,0.4725,0.6256
279,2057,0,0.3206,0.2943,0.4678,0.6266
280,2057,0,0.3258,0.2948,0.4647,0.6270
281,2057,0,0.3305,0.2953,0.4631,0.6271
282,2057,0,0.3341,0.2963,0.4623,0.6278
283,2057,0,0.3364,0.2978,0.4619,0.6284
284,2057,0,0.3384,0.2991,0.4619,0.6284
285,2057,0,0.3374,0.3002,0.4619,0.6279
286,2057,0,0.3355,0.3010,0.4627,0.6278
287,2057,0,0.3317,0.3008,0.4634,0.6276
288,2057,0,0.3310,0.3002,0.4635,0.6266
289,2057,0,0.3273,0.2999,0.4635,0.6259
290,2057,0,0.3196,0.2996,0.4640,0.6269
291,2057,0,0.3097,0.2991,0.4649,0.6271
292,2057,0,0.2970,0.2984,0.4679,0.6284
293,2057,0,0.2876,0.2986,0.4707,0.6279
294,2057,0,0.2783,0.2985,0.4757,0.6299
295,2057,0,0.2704,0.2981,0.4802,0.6298
296,2057,0,0.2644,0.2972,0.4857,0.6277
297,2057,0,0.2596,0.2971,0.4898,0.6278
298,2057,0,0.2560,0.2968,0.4940,0.6276
299,2057,0,0.2547,0.2967,0.4984,0.6288
300,2057,0,0.2545,0.2962,0.5013,0.6321
