# resolution: 1080,1920
frame,track_id,class,x1_norm,y1_norm,x2_norm,y2_norm
0,-1,0,0.4477,0.3176,0.6386,0.6376
1,1267,0,0.4480,0.3176,0.6386,0.6386
2,1267,0,0.4482,0.3175,0.6398,0.6396
3,1267,0,0.4495,0.3174,0.6400,0.6412
4,1267,0,0.4507,0.3173,0.6421,0.6417
5,1267,0,0.4516,0.3172,0.6433,0.6421
6,1267,0,0.4523,0.3170,0.6450,0.6421
7,1267,0,0.4531,0.3176,0.6464,0.6423
8,1267,0,0.4545,0.3180,0.6479,0.6433
9,1267,0,0.4548,0.3185,0.6495,0.6460
10,1267,0,0.4571,0.3177,0.6514,0.6489
11,1267,0,0.4585,0.3183,0.6551,0.6501
12,1267,0,0.4602,0.3174,0.6552,0.6527
13,1267,0,0.4637,0.3164,0.6571,0.6543
14,1267,0,0.4666,0.3155,0.6593,0.6558
15,1267,0,0.4691,0.3146,0.6612,0.6572
16,1267,0,0.4717,0.3140,0.6639,0.6576
17,1267,0,0.4746,0.3132,0.6688,0.6583
18,1267,0,0.4779,0.3105,0.6738,0.6571
19,1267,0,0.4806,0.3086,0.6779,0.6572
20,1267,0,0.4828,0.3075,0.6822,0.6569
21,1267,0,0.4838,0.3068,0.6843,0.6568
22,1267,0,0.4848,0.3059,0.6868,0.6562
23,1267,0,0.4842,0.3050,0.6898,0.6562
24,1267,0,0.4835,0.3041,0.6918,0.6564
25,1267,0,0.4828,0.3034,0.6940,0.6569
26,1267,0,0.4811,0.3028,0.6956,0.6578
27,1267,0,0.4798,0.3024,0.6972,0.6594
28,1267,0,0.4777,0.3019,0.6982,0.6608
29,1267,0,0.4738,0.3012,0.6986,0.6647
30,1267,0,0.4705,0.3009,0.6985,0.6677
31,1267,0,0.4684,0.3007,0.6982,0.6699
32,1267,0,0.4671,0.3004,0.6978,0.6732
33,1267,0,0.4623,0.3003,0.6971,0.6754
34,1267,0,0.4576,0.2993,0.6957,0.6776
35,1267,0,0.4527,0.2970,0.6942,0.6792
36,1267,0,0.4493,0.2950,0.6928,0.6806
37,1267,0,0.4465,0.2931,0.6909,0.6811
38,1267,0,0.4430,0.2912,0.6900,0.6816
39,1267,0,0.4390,0.2899,0.6894,0.6820
40,1267,0,0.4352,0.2874,0.6887,0.6819
41,1267,0,0.4328,0.2846,0.6875,0.6826
42,1267,0,0.4297,0.2828,0.6873,0.6829
43,1267,0,0.4271,0.2812,0.6869,0.6830
44,1267,0,0.4233,0.2800,0.6863,0.6840
45,1267,0,0.4171,0.2791,0.6863,0.6869
46,1267,0,0.4124,0.2785,0.6856,0.6919
47,1267,0,0.4098,0.2780,0.6849,0.6979
48,1267,0,0.4071,0.2776,0.6841,0.7028
49,1267,0,0.4048,0.2774,0.6840,0.7063
50,1267,0,0.4035,0.2770,0.6839,0.7067
51,1267,0,0.4030,0.2769,0.6841,0.7091
52,1267,0,0.4030,0.2764,0.6847,0.7119
53,1267,0,0.4023,0.2755,0.6845,0.7149
54,1267,0,0.4021,0.2738,0.6862,0.7177
55,1267,0,0.4027,0.2715,0.6903,0.7206
56,1267,0,0.4035,0.2695,0.6928,0.7221
57,1267,0,0.4046,0.2681,0.6953,0.7231
58,1267,0,0.4041,0.2659,0.6990,0.7234
59,1267,0,0.4026,0.2638,0.7027,0.7242
60,1267,0,0.4017,0.2613,0.7051,0.7255
61,1267,0,0.4012,0.2594,0.7074,0.7259
62,1267,0,0.4010,0.2575,0.7095,0.7262
63,1267,0,0.4010,0.2567,0.7102,0.7263
64,1267,0,0.4009,0.2556,0.7114,0.7253
65,1267,0,0.3997,0.2547,0.7130,0.7256
66,1267,0,0.3982,0.2534,0.7147,0.7268
67,1267,0,0.3938,0.2519,0.7157,0.7290
68,1267,0,0.3901,0.2512,0.7156,0.7320
69,1267,0,0.3859,0.2509,0.7152,0.7353
70,1267,0,0.3818,0.2505,0.7133,0.7394
71,1267,0,0.3852,0.2497,0.7125,0.7378
72,1267,0,0.3835,0.2484,0.7105,0.7397
73,1267,0,0.3793,0.2465,0.7068,0.7494
74,1267,0,0.3747,0.2443,0.7034,0.7559
75,1267,0,0.3680,0.2435,0.7015,0.7598
76,1267,0,0.3631,0.2414,0.6998,0.7636
77,1267,0,0.3559,0.2383,0.6978,0.7660
78,1267,0,0.3485,0.2359,0.6972,0.7666
79,1267,0,0.3436,0.2335,0.6968,0.7678
80,1267,0,0.3384,0.2313,0.6986,0.7682
81,1267,0,0.3334,0.2282,0.6999,0.7683
82,1267,0,0.3280,0.2249,0.7014,0.7678
83,1267,0,0.3235,0.2222,0.7018,0.7676
84,1267,0,0.3207,0.2197,0.7005,0.7675
85,1267,0,0.3182,0.2173,0.6972,0.7676
86,1267,0,0.3153,0.2147,0.6934,0.7700
87,1267,0,0.3129,0.2132,0.6903,0.7761
88,1267,0,0.3110,0.2122,0.6861,0.7847
89,1267,0,0.3100,0.2109,0.6844,0.7915
90,1267,0,0.3098,0.2100,0.6823,0.7962
91,1267,0,0.3097,0.2094,0.6814,0.7985
92,1267,0,0.3103,0.2091,0.6825,0.8016
93,1267,0,0.3108,0.2085,0.6837,0.8066
94,1267,0,0.3135,0.2091,0.6858,0.8103
95,1267,0,0.3180,0.2081,0.6894,0.8182
96,1267,0,0.3223,0.2069,0.6934,0.8298
97,1267,0,0.3294,0.2055,0.6991,0.8365
98,1267,0,0.3354,0.2038,0.7055,0.8388
99,1267,0,0.3414,0.2018,0.7129,0.8397
100,1267,0,0.3457,0.2012,0.7186,0.8397
101,1267,0,0.3502,0.2002,0.7269,0.8391
102,1267,0,0.3547,0.1985,0.7357,0.8377
103,1267,0,0.3606,0.1953,0.7428,0.8367
104,1267,0,0.3638,0.1908,0.7500,0.8363
105,1267,0,0.3672,0.1876,0.7591,0.8354
106,1267,0,0.3709,0.1842,0.7646,0.8348
107,1267,0,0.3764,0.1813,0.7696,0.8359
108,1267,0,0.3816,0.1796,0.7743,0.8407
109,1267,0,0.3846,0.1787,0.7791,0.8474
110,1267,0,0.3877,0.1780,0.7848,0.8573
111,1267,0,0.3933,0.1775,0.7911,0.8647
112,1267,0,0.4002,0.1762,0.7984,0.8704
113,1267,0,0.4082,0.1743,0.8043,0.8742
114,1267,0,0.4145,0.1725,0.8116,0.8784
115,1267,0,0.4214,0.1707,0.8152,0.8854
116,1267,0,0.4319,0.1698,0.8161,0.8866
117,1267,0,0.4412,0.1672,0.8165,0.8822
118,1267,0,0.4469,0.1608,0.8137,0.8872
119,1267,0,0.4499,0.1552,0.8098,0.8926
120,1267,0,0.4565,0.1521,0.8060,0.8912
121,1267,0,0.4582,0.1576,0.7960,0.8850
122,1267,0,0.4616,0.1526,0.7812,0.8859
123,1267,0,0.4641,0.1501,0.7652,0.8887
124,1267,0,0.4654,0.1484,0.7535,0.8909
125,1267,0,0.4674,0.1462,0.7494,0.8906
126,1267,0,0.4722,0.1456,0.7590,0.8906
127,1267,0,0.4773,0.1463,0.7696,0.8909
128,1267,0,0.4846,0.1461,0.7858,0.8876
129,1267,0,0.4902,0.1477,0.8030,0.8850
130,1267,0,0.4916,0.1488,0.8141,0.8861
131,1267,0,0.4912,0.1506,0.8250,0.8901
132,1267,0,0.4894,0.1520,0.8355,0.8911
133,1267,0,0.4875,0.1524,0.8392,0.8916
134,1267,0,0.4857,0.1532,0.8406,0.8909
135,1267,0,0.4842,0.1515,0.8453,0.8884
136,1267,0,0.4828,0.1518,0.8521,0.8861
137,1267,0,0.4811,0.1539,0.8608,0.8876
138,1267,0,0.4793,0.1596,0.8697,0.8907
139,1267,0,0.4746,0.1617,0.8772,0.8877
140,1267,0,0.4659,0.1642,0.8831,0.8853
141,1267,0,0.4592,0.1670,0.8870,0.8843
142,1267,0,0.4548,0.1695,0.8895,0.8878
143,1267,0,0.4533,0.1734,0.8900,0.8915
144,1267,0,0.4537,0.1765,0.8891,0.8918
145,1267,0,0.4546,0.1788,0.8888,0.8911
146,1267,0,0.4572,0.1815,0.8885,0.8874
147,1267,0,0.4617,0.1830,0.8881,0.8831
148,1267,0,0.4691,0.1847,0.8864,0.8838
149,1267,0,0.4742,0.1870,0.8845,0.8838
150,1267,0,0.4793,0.1882,0.8801,0.8821
151,1267,0,0.4830,0.1905,0.8764,0.8779
152,1267,0,0.4857,0.1923,0.8721,0.8621
153,1267,0,0.4872,0.1941,0.8673,0.8537
154,1267,0,0.4879,0.1955,0.8641,0.8498
155,1267,0,0.4886,0.1965,0.8615,0.8449
156,1267,0,0.4892,0.1970,0.8591,0.8390
157,1267,0,0.4895,0.1979,0.8557,0.8329
158,1267,0,0.4897,0.1992,0.8527,0.8281
159,1267,0,0.4896,0.2007,0.8502,0.8233
160,1267,0,0.4897,0.2019,0.8485,0.8218
161,1267,0,0.4899,0.2032,0.8472,0.8214
162,1267,0,0.4909,0.2044,0.8460,0.8218
163,1267,0,0.4917,0.2056,0.8454,0.8228
164,1267,0,0.4928,0.2069,0.8451,0.8220
165,1267,0,0.4955,0.2080,0.8451,0.8220
166,1267,0,0.4976,0.2098,0.8452,0.8213
167,1267,0,0.5001,0.2132,0.8452,0.8208
168,1267,0,0.5017,0.2164,0.8452,0.8205
169,1267,0,0.5031,0.2198,0.8462,0.8195
170,1267,0,0.5019,0.2219,0.8468,0.8198
171,1267,0,0.4959,0.2243,0.8480,0.8184
172,1267,0,0.4905,0.2269,0.8489,0.8174
173,1267,0,0.4865,0.2283,0.8498,0.8124
174,1267,0,0.4861,0.2289,0.8505,0.8075
175,1267,0,0.4859,0.2293,0.8508,0.8018
176,1267,0,0.4886,0.2303,0.8518,0.7943
177,1267,0,0.4908,0.2310,0.8518,0.7862
178,1267,0,0.4919,0.2319,0.8515,0.7819
179,1267,0,0.4943,0.2329,0.8505,0.7712
180,1267,0,0.4990,0.2339,0.8491,0.7625
181,1267,0,0.5044,0.2344,0.8485,0.7572
182,1267,0,0.5136,0.2359,0.8485,0.7550
183,1267,0,0.5241,0.2376,0.8481,0.7553
184,1267,0,0.5331,0.2398,0.8489,0.7534
185,1267,0,0.5432,0.2415,0.8491,0.7537
186,1267,0,0.5505,0.2428,0.8498,0.7543
187,1267,0,0.5562,0.2444,0.8499,0.7548
188,1267,0,0.5598,0.2463,0.8498,0.7558
189,1267,0,0.5615,0.2484,0.8482,0.7568
190,1267,0,0.5613,0.2503,0.8468,0.7571
191,1267,0,0.5597,0.2522,0.8451,0.7570
192,1267,0,0.5582,0.2541,0.8425,0.7556
193,1267,0,0.5537,0.2560,0.8404,0.7539
194,1267,0,0.5474,0.2572,0.8377,0.7513
195,1267,0,0.5431,0.2585,0.8328,0.7501
196,1267,0,0.5375,0.2595,0.8295,0.7482
197,1267,0,0.5345,0.2605,0.8260,0.7464
198,1267,0,0.5320,0.2611,0.8215,0.7430
199,1267,0,0.5287,0.2630,0.8197,0.7353
200,1267,0,0.5266,0.2638,0.8183,0.7277
201,1267,0,0.5259,0.2641,0.8169,0.7219
202,1267,0,0.5270,0.2649,0.8160,0.7183
203,1267,0,0.5283,0.2658,0.8152,0.7162
204,1267,0,0.5291,0.2671,0.8130,0.7155
205,1267,0,0.5311,0.2688,0.8110,0.7145
206,1267,0,0.5327,0.2702,0.8087,0.7138
207,1267,0,0.5348,0.2711,0.8070,0.7135
208,1267,0,0.5372,0.2722,0.8066,0.7135
209,1267,0,0.5402,0.2736,0.8061,0.7136
210,1267,0,0.5432,0.2754,0.8061,0.7135
211,1267,0,0.5469,0.2776,0.8065,0.7147
212,1267,0,0.5505,0.2795,0.8075,0.7156
213,1267,0,0.5549,0.2816,0.8092,0.7162
214,1267,0,0.5583,0.2832,0.8106,0.7156
215,1267,0,0.5628,0.2838,0.8115,0.7111
216,1267,0,0.5666,0.2843,0.8127,0.7094
217,1267,0,0.5700,0.2847,0.8139,0.7076
218,1267,0,0.5729,0.2848,0.8152,0.7020
219,1267,0,0.5747,0.2851,0.8158,0.6973
220,1267,0,0.5747,0.2852,0.8164,0.6913
221,1267,0,0.5727,0.2854,0.8168,0.6879
222,1267,0,0.5713,0.2855,0.8163,0.6856
223,1267,0,0.5705,0.2857,0.8158,0.6848
224,1267,0,0.5689,0.2868,0.8156,0.6848
225,1267,0,0.5675,0.2878,0.8155,0.6850
226,1267,0,0.5655,0.2889,0.8158,0.6858
227,1267,0,0.5646,0.2898,0.8135,0.6859
228,1267,0,0.5646,0.2908,0.8118,0.6855
229,1267,0,0.5643,0.2918,0.8086,0.6852
230,1267,0,0.5644,0.2933,0.8069,0.6849
231,1267,0,0.5635,0.2943,0.8057,0.6854
232,1267,0,0.5624,0.2954,0.8033,0.6851
233,1267,0,0.5624,0.2966,0.7994,0.6847
234,1267,0,0.5610,0.2981,0.7961,0.6834
235,1267,0,0.5594,0.2994,0.7948,0.6822
236,1267,0,0.5575,0.3003,0.7941,0.6802
237,1267,0,0.5560,0.3002,0.7936,0.6794
238,1267,0,0.5535,0.3002,0.7937,0.6792
239,1267,0,0.5503,0.3000,0.7946,0.6783
240,1267,0,0.5477,0.2998,0.7946,0.6735
241,1267,0,0.5438,0.3000,0.7935,0.6695
242,1267,0,0.5407,0.3002,0.7932,0.6669
243,1267,0,0.5390,0.3005,0.7917,0.6654
244,1267,0,0.5366,0.3004,0.7910,0.6645
245,1267,0,0.5348,0.3006,0.7902,0.6642
246,1267,0,0.5329,0.3009,0.7896,0.6636
247,1267,0,0.5319,0.3015,0.7891,0.6637
248,1267,0,0.5318,0.3020,0.7876,0.6634
249,1267,0,0.5319,0.3023,0.7866,0.6636
250,1267,0,0.5320,0.3025,0.7852,0.6633
251,1267,0,0.5329,0.3031,0.7834,0.6636
252,1267,0,0.5336,0.3037,0.7808,0.6636
253,1267,0,0.5339,0.3041,0.7748,0.6641
254,1267,0,0.5340,0.3046,0.7700,0.6644
255,1267,0,0.5342,0.3055,0.7645,0.6647
256,1267,0,0.5312,0.3064,0.7576,0.6654
257,1267,0,0.5303,0.3071,0.7486,0.6656
258,1267,0,0.5308,0.3077,0.7409,0.6653
259,1267,0,0.5311,0.3076,0.7356,0.6648
260,1267,0,0.5338,0.3078,0.7299,0.6615
261,1267,0,0.5412,0.3078,0.7262,0.6597
262,1267,0,0.5494,0.3076,0.7230,0.6582
263,1267,0,0.5596,0.3075,0.7194,0.6570
264,1267,0,0.5711,0.3075,0.7173,0.6567
265,1267,0,0.5817,0.3079,0.7166,0.6567
266,1267,0,0.5859,0.3080,0.7185,0.6569
267,1267,0,0.5810,0.3082,0.7223,0.6583
268,1267,0,0.5726,0.3079,0.7255,0.6604
269,1267,0,0.5636,0.3084,0.7303,0.6632
270,1267,0,0.5553,0.3078,0.7373,0.6647
271,1267,0,0.5495,0.3070,0.7432,0.6656
272,1267,0,0.5444,0.3061,0.7485,0.6639
273,1267,0,0.5409,0.3052,0.7528,0.6653
274,1267,0,0.5382,0.3046,0.7570,0.6659
