# resolution: 1080,1920
frame,track_id,class,x1_norm,y1_norm,x2_norm,y2_norm
0,1267,0,0.5565,0.3102,0.7167,0.6536
1,1267,0,0.5566,0.3112,0.7142,0.6546
2,1267,0,0.5530,0.3115,0.7151,0.6554
3,1267,0,0.5503,0.3114,0.7165,0.6560
4,1267,0,0.5471,0.3108,0.7188,0.6535
5,1267,0,0.5440,0.3102,0.7223,0.6533
6,1267,0,0.5408,0.3092,0.7245,0.6525
7,1267,0,0.5378,0.3087,0.7270,0.6550
8,1267,0,0.5353,0.3083,0.7294,0.6562
9,1267,0,0.5330,0.3079,0.7327,0.6559
10,1267,0,0.5306,0.3074,0.7359,0.6553
11,1267,0,0.5287,0.3072,0.7380,0.6558
12,1267,0,0.5268,0.3065,0.7391,0.6551
13,1267,0,0.5258,0.3060,0.7400,0.6543
14,1267,0,0.5233,0.3055,0.7401,0.6547
15,1267,0,0.5219,0.3055,0.7408,0.6544
16,1267,0,0.5213,0.3052,0.7403,0.6570
17,1267,0,0.5215,0.3051,0.7396,0.6567
18,1267,0,0.5230,0.3046,0.7392,0.6582
19,1267,0,0.5234,0.3042,0.7388,0.6591
20,1267,0,0.5238,0.3039,0.7386,0.6595
21,1267,0,0.5240,0.3032,0.7377,0.6593
22,1267,0,0.5217,0.3024,0.7377,0.6598
23,1267,0,0.5190,0.3023,0.7377,0.6603
24,1267,0,0.5156,0.3021,0.7372,0.6614
25,1267,0,0.5151,0.3014,0.7372,0.6624
26,1267,0,0.5139,0.3009,0.7366,0.6639
27,1267,0,0.5123,0.3004,0.7347,0.6665
28,1267,0,0.5107,0.2998,0.7334,0.6681
29,1267,0,0.5112,0.2994,0.7318,0.6704
30,1267,0,0.5098,0.2987,0.7307,0.6738
31,1267,0,0.5066,0.2982,0.7283,0.6762
32,1267,0,0.5055,0.2978,0.7266,0.6762
33,1267,0,0.5018,0.2970,0.7247,0.6790
34,1267,0,0.4974,0.2957,0.7237,0.6811
35,1267,0,0.4938,0.2946,0.7218,0.6829
36,1267,0,0.4908,0.2934,0.7202,0.6841
37,1267,0,0.4878,0.2917,0.7198,0.6845
38,1267,0,0.4843,0.2909,0.7208,0.6849
39,1267,0,0.4815,0.2900,0.7225,0.6847
40,1267,0,0.4790,0.2887,0.7245,0.6848
41,1267,0,0.4767,0.2881,0.7254,0.6848
42,1267,0,0.4741,0.2865,0.7261,0.6847
43,1267,0,0.4725,0.2848,0.7266,0.6845
44,1267,0,0.4701,0.2833,0.7259,0.6832
45,1267,0,0.4683,0.2823,0.7246,0.6829
46,1267,0,0.4667,0.2815,0.7228,0.6847
47,1267,0,0.4659,0.2815,0.7200,0.6888
48,1267,0,0.4652,0.2808,0.7175,0.6934
49,1267,0,0.4639,0.2805,0.7144,0.6971
50,1267,0,0.4634,0.2803,0.7118,0.7018
51,1267,0,0.4630,0.2802,0.7101,0.7054
52,1267,0,0.4629,0.2798,0.7098,0.7074
53,1267,0,0.4626,0.2795,0.7100,0.7092
54,1267,0,0.4626,0.2790,0.7113,0.7103
55,1267,0,0.4638,0.2782,0.7129,0.7127
56,1267,0,0.4651,0.2772,0.7154,0.7164
57,1267,0,0.4657,0.2758,0.7182,0.7178
58,1267,0,0.4669,0.2741,0.7221,0.7187
59,1267,0,0.4671,0.2726,0.7254,0.7194
60,1267,0,0.4673,0.2715,0.7289,0.7193
61,1267,0,0.4676,0.2700,0.7332,0.7181
62,1267,0,0.4686,0.2692,0.7372,0.7170
63,1267,0,0.4691,0.2678,0.7395,0.7165
64,1267,0,0.4701,0.2662,0.7424,0.7170
65,1267,0,0.4713,0.2648,0.7451,0.7175
66,1267,0,0.4716,0.2639,0.7477,0.7173
67,1267,0,0.4706,0.2628,0.7494,0.7180
68,1267,0,0.4676,0.2620,0.7514,0.7189
69,1267,0,0.4650,0.2601,0.7529,0.7225
70,1267,0,0.4639,0.2592,0.7531,0.7258
71,1267,0,0.4626,0.2589,0.7523,0.7283
72,1267,0,0.4622,0.2588,0.7504,0.7304
73,1267,0,0.4601,0.2586,0.7481,0.7346
74,1267,0,0.4583,0.2585,0.7448,0.7346
75,1267,0,0.4547,0.2572,0.7422,0.7426
76,1267,0,0.4504,0.2557,0.7391,0.7480
77,1267,0,0.4454,0.2549,0.7360,0.7504
78,1267,0,0.4403,0.2529,0.7321,0.7521
79,1267,0,0.4358,0.2510,0.7296,0.7533
80,1267,0,0.4321,0.2478,0.7279,0.7543
81,1267,0,0.4275,0.2452,0.7265,0.7547
82,1267,0,0.4213,0.2438,0.7260,0.7553
83,1267,0,0.4154,0.2424,0.7257,0.7555
84,1267,0,0.4099,0.2394,0.7266,0.7559
85,1267,0,0.4002,0.2371,0.7260,0.7559
86,1267,0,0.3977,0.2352,0.7253,0.7562
87,1267,0,0.3952,0.2336,0.7229,0.7560
88,1267,0,0.3935,0.2324,0.7215,0.7555
89,1267,0,0.3899,0.2311,0.7209,0.7599
90,1267,0,0.3871,0.2303,0.7201,0.7648
91,1267,0,0.3858,0.2293,0.7191,0.7727
92,1267,0,0.3854,0.2284,0.7183,0.7792
93,1267,0,0.3851,0.2281,0.7170,0.7826
94,1267,0,0.3842,0.2266,0.7165,0.7855
95,1267,0,0.3839,0.2262,0.7161,0.7866
96,1267,0,0.3839,0.2264,0.7168,0.7895
97,1267,0,0.3839,0.2256,0.7184,0.7934
98,1267,0,0.3841,0.2235,0.7215,0.8008
99,1267,0,0.3852,0.2218,0.7235,0.8070
100,1267,0,0.3864,0.2198,0.7258,0.8102
101,1267,0,0.3865,0.2171,0.7288,0.8126
102,1267,0,0.3869,0.2145,0.7331,0.8141
103,1267,0,0.3871,0.2129,0.7362,0.8151
104,1267,0,0.3874,0.2116,0.7397,0.8160
105,1267,0,0.3876,0.2107,0.7445,0.8160
106,1267,0,0.3887,0.2099,0.7488,0.8157
107,1267,0,0.3912,0.2091,0.7530,0.8149
108,1267,0,0.3939,0.2083,0.7573,0.8147
109,1267,0,0.3940,0.2068,0.7609,0.8140
110,1267,0,0.3954,0.2050,0.7635,0.8129
111,1267,0,0.3978,0.2022,0.7646,0.8136
112,1267,0,0.3991,0.1990,0.7667,0.8142
113,1267,0,0.4025,0.1973,0.7685,0.8165
114,1267,0,0.4062,0.1959,0.7696,0.8196
115,1267,0,0.4082,0.1944,0.7705,0.8264
116,1267,0,0.4102,0.1921,0.7718,0.8325
117,1267,0,0.4128,0.1905,0.7740,0.8383
118,1267,0,0.4155,0.1885,0.7816,0.8433
119,1267,0,0.4174,0.1861,0.7901,0.8450
120,1267,0,0.4194,0.1852,0.7950,0.8472
121,1267,0,0.4213,0.1847,0.8001,0.8505
122,1267,0,0.4261,0.1824,0.8019,0.8557
123,1267,0,0.4311,0.1801,0.8041,0.8564
124,1267,0,0.4365,0.1793,0.8066,0.8570
125,1267,0,0.4415,0.1770,0.8071,0.8572
126,1267,0,0.4460,0.1738,0.8040,0.8571
127,1267,0,0.4483,0.1721,0.7995,0.8565
128,1267,0,0.4504,0.1701,0.7925,0.8569
129,1267,0,0.4517,0.1661,0.7820,0.8569
130,1267,0,0.4515,0.1586,0.7708,0.8584
131,1267,0,0.4531,0.1554,0.7585,0.8588
132,1267,0,0.4534,0.1538,0.7462,0.8612
133,1267,0,0.4544,0.1519,0.7291,0.8611
134,1267,0,0.4575,0.1514,0.7260,0.8611
135,1267,0,0.4600,0.1513,0.7323,0.8622
136,1267,0,0.4622,0.1515,0.7429,0.8615
137,1267,0,0.4640,0.1540,0.7510,0.8629
138,1267,0,0.4650,0.1530,0.7611,0.8631
139,1267,0,0.4663,0.1531,0.7692,0.8629
140,1267,0,0.4677,0.1530,0.7816,0.8610
141,1267,0,0.4693,0.1560,0.7927,0.8611
142,1267,0,0.4725,0.1594,0.8046,0.8617
143,1267,0,0.4752,0.1611,0.8114,0.8637
144,1267,0,0.4762,0.1638,0.8188,0.8660
145,1267,0,0.4772,0.1653,0.8244,0.8661
146,1267,0,0.4785,0.1662,0.8278,0.8660
147,1267,0,0.4793,0.1668,0.8352,0.8650
148,1267,0,0.4793,0.1688,0.8409,0.8644
149,1267,0,0.4788,0.1682,0.8429,0.8629
150,1267,0,0.4792,0.1697,0.8433,0.8630
151,1267,0,0.4789,0.1714,0.8468,0.8631
152,1267,0,0.4792,0.1727,0.8489,0.8647
153,1267,0,0.4799,0.1742,0.8481,0.8633
154,1267,0,0.4805,0.1758,0.8490,0.8647
155,1267,0,0.4796,0.1771,0.8502,0.8658
156,1267,0,0.4801,0.1781,0.8521,0.8657
157,1267,0,0.4812,0.1798,0.8528,0.8660
158,1267,0,0.4823,0.1822,0.8544,0.8650
159,1267,0,0.4824,0.1842,0.8570,0.8651
160,1267,0,0.4833,0.1870,0.8591,0.8666
161,1267,0,0.4862,0.1889,0.8609,0.8651
162,1267,0,0.4890,0.1909,0.8618,0.8631
163,1267,0,0.4944,0.1933,0.8621,0.8599
164,1267,0,0.4979,0.1963,0.8617,0.8593
165,1267,0,0.5015,0.1992,0.8610,0.8565
166,1267,0,0.5049,0.2012,0.8607,0.8490
167,1267,0,0.5086,0.2025,0.8606,0.8363
168,1267,0,0.5116,0.2035,0.8610,0.8293
169,1267,0,0.5125,0.2046,0.8616,0.8241
170,1267,0,0.5137,0.2052,0.8616,0.8180
171,1267,0,0.5141,0.2058,0.8612,0.8139
172,1267,0,0.5147,0.2067,0.8609,0.8112
173,1267,0,0.5146,0.2078,0.8607,0.8091
174,1267,0,0.5159,0.2086,0.8604,0.8077
175,1267,0,0.5170,0.2095,0.8600,0.8084
176,1267,0,0.5184,0.2111,0.8605,0.8086
177,1267,0,0.5201,0.2130,0.8610,0.8060
178,1267,0,0.5220,0.2152,0.8621,0.8050
179,1267,0,0.5236,0.2182,0.8631,0.8056
180,1267,0,0.5256,0.2205,0.8642,0.8065
181,1267,0,0.5263,0.2225,0.8655,0.8067
182,1267,0,0.5268,0.2252,0.8680,0.8071
183,1267,0,0.5257,0.2286,0.8700,0.8067
184,1267,0,0.5234,0.2310,0.8715,0.8060
185,1267,0,0.5219,0.2329,0.8726,0.8031
186,1267,0,0.5232,0.2340,0.8743,0.7997
187,1267,0,0.5263,0.2346,0.8757,0.7951
188,1267,0,0.5292,0.2350,0.8770,0.7919
189,1267,0,0.5321,0.2357,0.8783,0.7891
190,1267,0,0.5355,0.2371,0.8796,0.7857
191,1267,0,0.5402,0.2386,0.8809,0.7794
192,1267,0,0.5447,0.2401,0.8817,0.7710
193,1267,0,0.5487,0.2410,0.8824,0.7604
194,1267,0,0.5534,0.2415,0.8838,0.7543
195,1267,0,0.5590,0.2419,0.8848,0.7519
196,1267,0,0.5639,0.2424,0.8865,0.7508
197,1267,0,0.5709,0.2428,0.8883,0.7507
198,1267,0,0.5748,0.2440,0.8910,0.7510
199,1267,0,0.5776,0.2454,0.8926,0.7513
200,1267,0,0.5804,0.2462,0.8934,0.7514
201,1267,0,0.5831,0.2475,0.8937,0.7513
202,1267,0,0.5862,0.2487,0.8943,0.7515
203,1267,0,0.5891,0.2500,0.8936,0.7512
204,1267,0,0.5908,0.2512,0.8925,0.7515
205,1267,0,0.5909,0.2527,0.8909,0.7521
206,1267,0,0.5894,0.2543,0.8884,0.7517
207,1267,0,0.5877,0.2557,0.8863,0.7517
208,1267,0,0.5850,0.2569,0.8842,0.7511
209,1267,0,0.5813,0.2580,0.8821,0.7496
210,1267,0,0.5798,0.2598,0.8793,0.7467
211,1267,0,0.5765,0.2605,0.8768,0.7453
212,1267,0,0.5757,0.2626,0.8740,0.7432
213,1267,0,0.5738,0.2622,0.8716,0.7413
214,1267,0,0.5716,0.2642,0.8682,0.7384
215,1267,0,0.5702,0.2657,0.8650,0.7340
216,1267,0,0.5690,0.2668,0.8625,0.7276
217,1267,0,0.5695,0.2677,0.8599,0.7214
218,1267,0,0.5701,0.2687,0.8574,0.7174
219,1267,0,0.5716,0.2696,0.8548,0.7151
220,1267,0,0.5725,0.2703,0.8524,0.7137
221,1267,0,0.5738,0.2708,0.8513,0.7134
222,1267,0,0.5757,0.2714,0.8498,0.7137
223,1267,0,0.5773,0.2725,0.8492,0.7135
224,1267,0,0.5787,0.2739,0.8489,0.7140
225,1267,0,0.5801,0.2756,0.8486,0.7145
226,1267,0,0.5833,0.2774,0.8481,0.7150
227,1267,0,0.5868,0.2788,0.8483,0.7153
228,1267,0,0.5901,0.2806,0.8480,0.7150
229,1267,0,0.5923,0.2826,0.8482,0.7147
230,1267,0,0.5950,0.2844,0.8485,0.7127
231,1267,0,0.5978,0.2854,0.8485,0.7090
232,1267,0,0.5991,0.2863,0.8489,0.7068
233,1267,0,0.5995,0.2872,0.8495,0.7045
234,1267,0,0.5998,0.2880,0.8501,0.7021
235,1267,0,0.5984,0.2888,0.8500,0.6989
236,1267,0,0.5962,0.2896,0.8498,0.6966
237,1267,0,0.5930,0.2901,0.8493,0.6923
238,1267,0,0.5896,0.2904,0.8486,0.6881
239,1267,0,0.5873,0.2907,0.8475,0.6858
240,1267,0,0.5873,0.2910,0.8471,0.6850
241,1267,0,0.5866,0.2913,0.8470,0.6846
242,1267,0,0.5880,0.2918,0.8470,0.6844
243,1267,0,0.5906,0.2925,0.8470,0.6845
244,1267,0,0.5936,0.2934,0.8468,0.6848
245,1267,0,0.5969,0.2943,0.8464,0.6846
246,1267,0,0.6007,0.2952,0.8467,0.6841
247,1267,0,0.6019,0.2959,0.8463,0.6839
248,1267,0,0.6034,0.2963,0.8448,0.6838
249,1267,0,0.6047,0.2970,0.8433,0.6838
250,1267,0,0.6059,0.2975,0.8414,0.6834
251,1267,0,0.6053,0.2985,0.8402,0.6836
252,1267,0,0.6051,0.3000,0.8366,0.6837
253,1267,0,0.6038,0.3014,0.8320,0.6835
254,1267,0,0.6024,0.3013,0.8293,0.6832
255,1267,0,0.5994,0.3012,0.8262,0.6819
256,1267,0,0.5970,0.3013,0.8232,0.6814
257,1267,0,0.5950,0.3013,0.8182,0.6805
258,1267,0,0.5927,0.3013,0.8155,0.6799
259,1267,0,0.5916,0.3012,0.8141,0.6795
260,1267,0,0.5901,0.3017,0.8111,0.6768
261,1267,0,0.5884,0.3026,0.8075,0.6765
262,1267,0,0.5866,0.3035,0.8029,0.6733
263,1267,0,0.5827,0.3063,0.7968,0.6701
264,1267,0,0.5799,0.3081,0.7907,0.6674
265,1267,0,0.5780,0.3091,0.7867,0.6651
266,1267,0,0.5762,0.3093,0.7830,0.6638
267,1267,0,0.5743,0.3093,0.7804,0.6628
268,1267,0,0.5715,0.3095,0.7781,0.6629
269,1267,0,0.5683,0.3092,0.7746,0.6631
270,1267,0,0.5672,0.3093,0.7711,0.6628
271,1267,0,0.5624,0.3090,0.7686,0.6628
272,1267,0,0.5593,0.3088,0.7651,0.6630
273,1267,0,0.5562,0.3088,0.7620,0.6628
274,1267,0,0.5549,0.3092,0.7595,0.6614
275,1267,0,0.5538,0.3097,0.7580,0.6609
276,1267,0,0.5534,0.3100,0.7550,0.6610
277,1267,0,0.5559,0.3105,0.7523,0.6608
278,1267,0,0.5610,0.3112,0.7497,0.6607
279,1267,0,0.5671,0.3108,0.7446,0.6601
280,1267,0,0.5725,0.3110,0.7402,0.6587
281,1267,0,0.5799,0.3109,0.7368,0.6574
282,1267,0,0.5881,0.3110,0.7340,0.6567
283,1267,0,0.5955,0.3116,0.7330,0.6554
284,1267,0,0.5983,0.3113,0.7308,0.6551
285,1267,0,0.5971,0.3120,0.7299,0.6547
286,1267,0,0.5965,0.3124,0.7304,0.6542
287,1267,0,0.5938,0.3125,0.7324,0.6538
288,1267,0,0.5916,0.3125,0.7350,0.6542
289,1267,0,0.5894,0.3124,0.7378,0.6551
290,1267,0,0.5828,0.3134,0.7433,0.6565
291,1267,0,0.5795,0.3139,0.7476,0.6573
292,1267,0,0.5751,0.3139,0.7522,0.6582
293,1267,0,0.5710,0.3135,0.7568,0.6577
294,1267,0,0.5678,0.3132,0.7608,0.6566
295,1267,0,0.5658,0.3127,0.7635,0.6559
296,1267,0,0.5628,0.3124,0.7669,0.6556
297,1267,0,0.5605,0.3122,0.7706,0.6559
298,1267,0,0.5593,0.3122,0.7721,0.6567
299,1267,0,0.5581,0.3123,0.7738,0.6571
300,1267,0,0.5575,0.3123,0.7748,0.6572
