# resolution: 1080,1920
frame,track_id,class,x1_norm,y1_norm,x2_norm,y2_norm
0,297,0,0.3638,0.1842,0.6246,0.6744
1,297,0,0.3813,0.1833,0.6368,0.6915
2,297,0,0.3886,0.1826,0.6420,0.7005
3,297,0,0.3892,0.1817,0.6439,0.7052
4,297,0,0.3859,0.1809,0.6441,0.7064
5,297,0,0.3817,0.1803,0.6442,0.7075
6,297,0,0.3779,0.1801,0.6459,0.7080
7,297,0,0.3756,0.1801,0.6464,0.7086
8,297,0,0.3720,0.1801,0.6454,0.7086
9,297,0,0.3698,0.1794,0.6445,0.7081
10,297,0,0.3678,0.1790,0.6435,0.7079
11,297,0,0.3666,0.1786,0.6431,0.7071
12,297,0,0.3656,0.1779,0.6436,0.7066
13,297,0,0.3657,0.1775,0.6450,0.7068
14,297,0,0.3651,0.1773,0.6465,0.7074
15,297,0,0.3650,0.1770,0.6507,0.7068
16,297,0,0.3641,0.1766,0.6564,0.7088
17,297,0,0.3652,0.1761,0.6602,0.7128
18,297,0,0.3663,0.1760,0.6646,0.7219
19,297,0,0.3686,0.1763,0.6663,0.7313
20,297,0,0.3701,0.1762,0.6674,0.7392
21,297,0,0.3724,0.1762,0.6647,0.7434
22,297,0,0.3758,0.1760,0.6611,0.7496
23,297,0,0.3770,0.1763,0.6590,0.7575
24,297,0,0.3789,0.1767,0.6586,0.7670
25,297,0,0.3857,0.1772,0.6586,0.7753
26,297,0,0.3944,0.1774,0.6580,0.7794
27,297,0,0.4016,0.1770,0.6566,0.7830
28,297,0,0.4040,0.1766,0.6565,0.7831
29,297,0,0.3945,0.1748,0.6562,0.7829
30,297,0,0.3829,0.1718,0.6567,0.7857
31,297,0,0.3691,0.1683,0.6570,0.7869
32,297,0,0.3575,0.1645,0.6571,0.7884
33,297,0,0.3440,0.1618,0.6556,0.7876
34,297,0,0.3321,0.1593,0.6578,0.7862
35,297,0,0.3215,0.1577,0.6638,0.7858
36,297,0,0.3141,0.1570,0.6694,0.7865
37,297,0,0.3047,0.1566,0.6722,0.7869
38,297,0,0.2987,0.1562,0.6711,0.7874
39,297,0,0.2923,0.1558,0.6682,0.7872
40,297,0,0.2865,0.1556,0.6630,0.7871
41,297,0,0.2807,0.1552,0.6582,0.7855
42,297,0,0.2765,0.1551,0.6548,0.7861
43,297,0,0.2735,0.1553,0.6554,0.7868
44,297,0,0.2740,0.1556,0.6610,0.7866
45,297,0,0.2734,0.1555,0.6660,0.7875
46,297,0,0.2718,0.1556,0.6725,0.7878
47,297,0,0.2739,0.1554,0.6776,0.7866
48,297,0,0.2738,0.1551,0.6817,0.7858
49,297,0,0.2768,0.1555,0.6849,0.7849
50,297,0,0.2800,0.1564,0.6884,0.7843
51,297,0,0.2826,0.1584,0.6907,0.7847
52,297,0,0.2879,0.1590,0.6923,0.7858
53,297,0,0.2918,0.1594,0.6928,0.7870
54,297,0,0.2991,0.1596,0.6937,0.7874
55,297,0,0.3062,0.1598,0.6935,0.7869
56,297,0,0.3139,0.1600,0.6934,0.7864
57,297,0,0.3190,0.1610,0.6929,0.7866
58,297,0,0.3233,0.1617,0.6917,0.7856
59,297,0,0.3278,0.1623,0.6919,0.7852
60,297,0,0.3350,0.1630,0.6912,0.7847
61,297,0,0.3399,0.1641,0.6910,0.7833
62,297,0,0.3441,0.1642,0.6924,0.7820
63,297,0,0.3476,0.1652,0.6927,0.7774
64,297,0,0.3510,0.1657,0.6930,0.7669
65,297,0,0.3545,0.1653,0.6933,0.7597
66,297,0,0.3565,0.1656,0.6932,0.7520
67,297,0,0.3575,0.1658,0.6932,0.7486
68,297,0,0.3596,0.1660,0.6926,0.7451
69,297,0,0.3611,0.1660,0.6921,0.7424
70,297,0,0.3584,0.1660,0.6914,0.7444
71,297,0,0.3538,0.1661,0.6909,0.7438
72,297,0,0.3509,0.1661,0.6898,0.7414
73,297,0,0.3488,0.1665,0.6890,0.7377
74,297,0,0.3472,0.1664,0.6879,0.7349
75,297,0,0.3467,0.1671,0.6878,0.7329
76,297,0,0.3471,0.1677,0.6866,0.7318
77,297,0,0.3483,0.1682,0.6846,0.7317
78,297,0,0.3484,0.1684,0.6825,0.7325
79,297,0,0.3485,0.1691,0.6809,0.7323
80,297,0,0.3467,0.1694,0.6797,0.7316
81,297,0,0.3433,0.1702,0.6772,0.7313
82,297,0,0.3398,0.1717,0.6745,0.7327
83,297,0,0.3344,0.1727,0.6692,0.7336
84,297,0,0.3306,0.1749,0.6631,0.7329
85,297,0,0.3274,0.1763,0.6568,0.7321
86,297,0,0.3221,0.1766,0.6504,0.7321
87,297,0,0.3172,0.1766,0.6452,0.7315
88,297,0,0.3124,0.1760,0.6392,0.7297
89,297,0,0.3081,0.1749,0.6349,0.7270
90,297,0,0.3012,0.1733,0.6289,0.7211
91,297,0,0.2921,0.1724,0.6240,0.7144
92,297,0,0.2857,0.1721,0.6182,0.7098
93,297,0,0.2813,0.1721,0.6131,0.7054
94,297,0,0.2780,0.1717,0.6077,0.6998
95,297,0,0.2745,0.1717,0.6035,0.6956
96,297,0,0.2711,0.1718,0.5992,0.6898
97,297,0,0.2680,0.1719,0.5945,0.6868
98,297,0,0.2625,0.1722,0.5907,0.6850
99,297,0,0.2576,0.1728,0.5877,0.6840
100,297,0,0.2554,0.1740,0.5854,0.6838
101,297,0,0.2515,0.1747,0.5834,0.6841
102,297,0,0.2510,0.1756,0.5817,0.6839
103,297,0,0.2500,0.1763,0.5809,0.6849
104,297,0,0.2498,0.1777,0.5805,0.6858
105,297,0,0.2507,0.1788,0.5803,0.6864
106,297,0,0.2526,0.1796,0.5800,0.6866
107,297,0,0.2543,0.1805,0.5802,0.6868
108,297,0,0.2565,0.1815,0.5808,0.6873
109,297,0,0.2596,0.1831,0.5816,0.6865
110,297,0,0.2622,0.1845,0.5820,0.6862
111,297,0,0.2656,0.1857,0.5824,0.6850
112,297,0,0.2710,0.1869,0.5832,0.6840
113,297,0,0.2754,0.1873,0.5855,0.6825
114,297,0,0.2795,0.1866,0.5871,0.6791
115,297,0,0.2820,0.1858,0.5880,0.6764
116,297,0,0.2840,0.1853,0.5891,0.6725
117,297,0,0.2873,0.1850,0.5899,0.6688
118,297,0,0.2909,0.1857,0.5911,0.6647
119,297,0,0.2952,0.1862,0.5932,0.6626
120,297,0,0.2984,0.1863,0.5948,0.6596
121,297,0,0.3033,0.1864,0.5958,0.6529
122,297,0,0.3041,0.1864,0.5965,0.6451
123,297,0,0.3097,0.1863,0.5964,0.6367
124,297,0,0.3114,0.1861,0.5961,0.6307
125,297,0,0.3131,0.1859,0.5954,0.6283
126,297,0,0.3148,0.1862,0.5957,0.6280
127,297,0,0.3153,0.1866,0.5948,0.6278
128,297,0,0.3160,0.1875,0.5940,0.6284
129,297,0,0.3153,0.1889,0.5927,0.6284
130,297,0,0.3146,0.1901,0.5917,0.6287
131,297,0,0.3135,0.1912,0.5890,0.6287
132,297,0,0.3119,0.1927,0.5861,0.6285
133,297,0,0.3113,0.1940,0.5833,0.6285
134,297,0,0.3092,0.1953,0.5802,0.6282
135,297,0,0.3065,0.1969,0.5768,0.6282
136,297,0,0.3012,0.1972,0.5754,0.6276
137,297,0,0.2983,0.1977,0.5736,0.6287
138,297,0,0.2953,0.1973,0.5715,0.6282
139,297,0,0.2916,0.1966,0.5694,0.6271
140,297,0,0.2872,0.1953,0.5652,0.6221
141,297,0,0.2844,0.1946,0.5621,0.6179
142,297,0,0.2838,0.1941,0.5609,0.6146
143,297,0,0.2845,0.1939,0.5590,0.6123
144,297,0,0.2851,0.1944,0.5560,0.6089
145,297,0,0.2844,0.1944,0.5526,0.6044
146,297,0,0.2843,0.1946,0.5502,0.5993
147,297,0,0.2842,0.1948,0.5467,0.5975
148,297,0,0.2837,0.1948,0.5443,0.5971
149,297,0,0.2832,0.1948,0.5422,0.5955
150,297,0,0.2835,0.1947,0.5399,0.5942
151,297,0,0.2850,0.1948,0.5388,0.5934
152,297,0,0.2857,0.1952,0.5370,0.5936
153,297,0,0.2872,0.1957,0.5364,0.5942
154,297,0,0.2874,0.1964,0.5355,0.5949
155,297,0,0.2888,0.1967,0.5352,0.5956
156,297,0,0.2905,0.1978,0.5350,0.5957
157,297,0,0.2898,0.1986,0.5348,0.5955
158,297,0,0.2930,0.1999,0.5346,0.5955
159,297,0,0.2965,0.2010,0.5345,0.5960
160,297,0,0.3009,0.2016,0.5354,0.5941
161,297,0,0.3036,0.2023,0.5355,0.5942
162,297,0,0.3083,0.2026,0.5366,0.5937
163,297,0,0.3142,0.2025,0.5369,0.5933
164,297,0,0.3166,0.2014,0.5385,0.5918
165,297,0,0.3159,0.2007,0.5403,0.5902
166,297,0,0.3184,0.2001,0.5434,0.5876
167,297,0,0.3229,0.1996,0.5458,0.5847
168,297,0,0.3266,0.1995,0.5485,0.5837
169,297,0,0.3312,0.1996,0.5529,0.5804
170,297,0,0.3331,0.1998,0.5561,0.5768
171,297,0,0.3336,0.1999,0.5586,0.5712
172,297,0,0.3366,0.1998,0.5586,0.5669
173,297,0,0.3393,0.1994,0.5574,0.5627
174,297,0,0.3444,0.1994,0.5587,0.5595
175,297,0,0.3514,0.1997,0.5587,0.5574
176,297,0,0.3552,0.1999,0.5573,0.5566
177,297,0,0.3585,0.2001,0.5526,0.5558
178,297,0,0.3568,0.2001,0.5475,0.5559
179,297,0,0.3539,0.2004,0.5438,0.5560
180,297,0,0.3527,0.2011,0.5420,0.5558
181,297,0,0.3567,0.2017,0.5421,0.5561
182,297,0,0.3541,0.2027,0.5415,0.5561
183,297,0,0.3534,0.2037,0.5399,0.5559
184,297,0,0.3523,0.2051,0.5389,0.5561
185,297,0,0.3509,0.2084,0.5373,0.5564
186,297,0,0.3498,0.2079,0.5336,0.5563
187,297,0,0.3495,0.2085,0.5306,0.5561
188,297,0,0.3476,0.2095,0.5282,0.5567
189,297,0,0.3487,0.2087,0.5259,0.5556
190,297,0,0.3476,0.2061,0.5238,0.5526
191,297,0,0.3462,0.2053,0.5219,0.5501
192,297,0,0.3466,0.2046,0.5196,0.5479
193,297,0,0.3457,0.2050,0.5176,0.5456
194,297,0,0.3448,0.2045,0.5149,0.5420
195,297,0,0.3440,0.2047,0.5132,0.5369
196,297,0,0.3435,0.2052,0.5119,0.5346
197,297,0,0.3434,0.2056,0.5115,0.5327
198,297,0,0.3431,0.2052,0.5106,0.5310
199,297,0,0.3436,0.2045,0.5105,0.5310
200,297,0,0.3440,0.2038,0.5110,0.5307
201,297,0,0.3446,0.2041,0.5115,0.5306
202,297,0,0.3450,0.2045,0.5122,0.5310
203,297,0,0.3457,0.2069,0.5137,0.5307
204,297,0,0.3462,0.2082,0.5160,0.5300
205,297,0,0.3492,0.2100,0.5168,0.5304
206,297,0,0.3518,0.2123,0.5180,0.5308
207,297,0,0.3556,0.2134,0.5200,0.5309
208,297,0,0.3594,0.2146,0.5229,0.5296
209,297,0,0.3630,0.2158,0.5244,0.5297
210,297,0,0.3652,0.2171,0.5262,0.5300
211,297,0,0.3670,0.2172,0.5287,0.5305
212,297,0,0.3701,0.2166,0.5317,0.5295
213,297,0,0.3724,0.2169,0.5344,0.5279
214,297,0,0.3743,0.2168,0.5367,0.5255
215,297,0,0.3778,0.2172,0.5386,0.5242
216,297,0,0.3802,0.2180,0.5404,0.5225
217,297,0,0.3827,0.2175,0.5421,0.5194
218,297,0,0.3825,0.2180,0.5440,0.5150
219,297,0,0.3829,0.2172,0.5451,0.5119
220,297,0,0.3818,0.2226,0.5463,0.5102
221,297,0,0.3786,0.2200,0.5464,0.5074
222,297,0,0.3746,0.2187,0.5473,0.5052
223,297,0,0.3722,0.2178,0.5479,0.5044
224,297,0,0.3712,0.2174,0.5483,0.5040
225,297,0,0.3700,0.2172,0.5485,0.5041
226,297,0,0.3679,0.2173,0.5481,0.5043
227,297,0,0.3697,0.2167,0.5476,0.5045
228,297,0,0.3727,0.2167,0.5468,0.5050
229,297,0,0.3770,0.2175,0.5455,0.5052
230,297,0,0.3770,0.2183,0.5433,0.5056
231,297,0,0.3797,0.2184,0.5419,0.5053
232,297,0,0.3807,0.2191,0.5408,0.5050
233,297,0,0.3837,0.2194,0.5385,0.5048
234,297,0,0.3813,0.2197,0.5358,0.5047
235,297,0,0.3831,0.2203,0.5313,0.5043
236,297,0,0.3830,0.2200,0.5286,0.5047
237,297,0,0.3829,0.2193,0.5258,0.5039
238,297,0,0.3827,0.2188,0.5245,0.5030
239,297,0,0.3818,0.2181,0.5220,0.5020
240,297,0,0.3802,0.2183,0.5205,0.5016
241,297,0,0.3786,0.2187,0.5195,0.5016
242,297,0,0.3758,0.2195,0.5178,0.4997
243,297,0,0.3731,0.2186,0.5170,0.4990
244,297,0,0.3722,0.2183,0.5177,0.4975
245,297,0,0.3694,0.2178,0.5203,0.4956
246,297,0,0.3690,0.2183,0.5221,0.4931
247,297,0,0.3673,0.2188,0.5269,0.4910
248,297,0,0.3665,0.2189,0.5306,0.4901
249,297,0,0.3645,0.2189,0.5322,0.4895
250,297,0,0.3631,0.2197,0.5343,0.4885
251,297,0,0.3615,0.2197,0.5340,0.4876
252,297,0,0.3606,0.2195,0.5338,0.4871
253,297,0,0.3607,0.2201,0.5308,0.4864
254,297,0,0.3603,0.2202,0.5250,0.4861
255,297,0,0.3600,0.2209,0.5189,0.4863
256,297,0,0.3602,0.2217,0.5138,0.4866
257,297,0,0.3599,0.2227,0.5086,0.4872
258,297,0,0.3597,0.2233,0.5017,0.4870
259,297,0,0.3589,0.2238,0.4972,0.4863
260,297,0,0.3582,0.2243,0.4943,0.4853
261,297,0,0.3547,0.2252,0.4922,0.4867
262,297,0,0.3508,0.2265,0.4905,0.4876
263,297,0,0.3478,0.2276,0.4889,0.4875
264,297,0,0.3463,0.2300,0.4878,0.4875
265,297,0,0.3439,0.2301,0.4873,0.4873
266,297,0,0.3438,0.2309,0.4874,0.4867
267,297,0,0.3464,0.2288,0.4872,0.4869
268,297,0,0.3480,0.2285,0.4871,0.4864
269,297,0,0.3501,0.2278,0.4871,0.4858
270,297,0,0.3506,0.2265,0.4870,0.4848
271,297,0,0.3521,0.2256,0.4871,0.4842
272,297,0,0.3497,0.2241,0.4881,0.4824
273,297,0,0.3452,0.2230,0.4879,0.4791
274,297,0,0.3436,0.2212,0.4881,0.4778
275,297,0,0.3413,0.2198,0.4872,0.4774
276,297,0,0.3390,0.2202,0.4866,0.4770
277,297,0,0.3383,0.2207,0.4873,0.4757
278,297,0,0.3365,0.2225,0.4889,0.4755
279,297,0,0.3331,0.2227,0.4917,0.4750
280,297,0,0.3322,0.2220,0.4928,0.4741
281,297,0,0.3316,0.2226,0.4961,0.4746
282,297,0,0.3329,0.2225,0.4975,0.4747
283,297,0,0.3337,0.2217,0.4980,0.4741
284,297,0,0.3345,0.2207,0.4978,0.4737
285,297,0,0.3340,0.2200,0.4971,0.4735
286,297,0,0.3345,0.2196,0.4969,0.4745
287,297,0,0.3346,0.2190,0.4962,0.4746
288,297,0,0.3347,0.2187,0.4948,0.4740
289,297,0,0.3366,0.2192,0.4948,0.4741
290,297,0,0.3373,0.2202,0.4934,0.4743
291,297,0,0.3391,0.2212,0.4922,0.4741
292,297,0,0.3387,0.2217,0.4916,0.4739
293,297,0,0.3399,0.2220,0.4908,0.4738
294,297,0,0.3424,0.2235,0.4902,0.4738
295,297,0,0.3435,0.2236,0.4893,0.4742
296,297,0,0.3445,0.2236,0.4875,0.4742
297,297,0,0.3431,0.2238,0.4863,0.4740
298,297,0,0.3413,0.2237,0.4835,0.4736
299,297,0,0.3395,0.2221,0.4829,0.4732
300,297,0,0.3371,0.2229,0.4808,0.4740
301,297,0,0.3354,0.2228,0.4778,0.4750
302,297,0,0.3284,0.2220,0.4764,0.4752
303,297,0,0.3188,0.2215,0.4751,0.4761
304,297,0,0.3148,0.2234,0.4729,0.4765
305,297,0,0.3121,0.2243,0.4715,0.4774
306,297,0,0.3100,0.2249,0.4693,0.4780
307,297,0,0.3084,0.2248,0.4670,0.4787
308,297,0,0.3089,0.2246,0.4650,0.4796
309,297,0,0.3105,0.2282,0.4624,0.4802
310,297,0,0.3101,0.2291,0.4604,0.4805
311,297,0,0.3081,0.2287,0.4576,0.4809
312,297,0,0.3048,0.2307,0.4551,0.4812
313,297,0,0.3025,0.2297,0.4516,0.4816
314,297,0,0.3010,0.2270,0.4462,0.4815
315,297,0,0.2992,0.2259,0.4430,0.4808
316,297,0,0.2956,0.2250,0.4401,0.4804
317,297,0,0.2911,0.2240,0.4355,0.4772
318,297,0,0.2875,0.2240,0.4313,0.4784
319,297,0,0.2853,0.2237,0.4290,0.4791
320,297,0,0.2823,0.2222,0.4277,0.4794
321,297,0,0.2810,0.2222,0.4268,0.4801
322,297,0,0.2790,0.2225,0.4251,0.4810
