# resolution: 1080,1920
frame,track_id,class,x1_norm,y1_norm,x2_norm,y2_norm
0,1267,0,0.3436,0.1378,0.6878,0.8741
1,1267,0,0.3986,0.1172,0.6814,0.8895
2,1267,0,0.4209,0.1066,0.6820,0.8951
3,1267,0,0.4299,0.1098,0.6843,0.8959
4,1267,0,0.4311,0.1100,0.6893,0.8944
5,1267,0,0.4292,0.1092,0.6928,0.8917
6,1267,0,0.4279,0.1088,0.6956,0.8867
7,1267,0,0.4187,0.1086,0.6981,0.8877
8,1267,0,0.4182,0.1086,0.7004,0.8900
9,1267,0,0.4109,0.1048,0.7027,0.8947
10,1267,0,0.4118,0.1076,0.7039,0.8917
11,1267,0,0.4073,0.1099,0.7058,0.8935
12,1267,0,0.4012,0.1122,0.7086,0.8912
13,1267,0,0.3899,0.1166,0.7124,0.8877
14,1267,0,0.3811,0.1192,0.7164,0.8913
15,1267,0,0.3735,0.1200,0.7226,0.8930
16,1267,0,0.3663,0.1212,0.7257,0.8948
17,1267,0,0.3573,0.1234,0.7283,0.8948
18,1267,0,0.3501,0.1249,0.7350,0.8949
19,1267,0,0.3444,0.1259,0.7431,0.8952
20,1267,0,0.3398,0.1321,0.7523,0.8963
21,1267,0,0.3377,0.1375,0.7623,0.8961
22,1267,0,0.3376,0.1419,0.7716,0.8965
23,1267,0,0.3388,0.1458,0.7814,0.8956
24,1267,0,0.3412,0.1475,0.7923,0.8909
25,1267,0,0.3418,0.1493,0.8031,0.8880
26,1267,0,0.3478,0.1505,0.8116,0.8860
27,1267,0,0.3516,0.1529,0.8185,0.8722
28,1267,0,0.3551,0.1547,0.8264,0.8567
29,1267,0,0.3591,0.1564,0.8349,0.8479
30,1267,0,0.3657,0.1570,0.8474,0.8419
31,1267,0,0.3713,0.1582,0.8631,0.8364
32,1267,0,0.3749,0.1604,0.8822,0.8334
33,1267,0,0.3770,0.1624,0.8977,0.8288
34,1267,0,0.3793,0.1646,0.9108,0.8262
35,1267,0,0.3816,0.1673,0.9206,0.8230
36,1267,0,0.3816,0.1696,0.9266,0.8214
37,1267,0,0.3821,0.1727,0.9284,0.8239
38,1267,0,0.3795,0.1749,0.9258,0.8207
39,1267,0,0.3775,0.1767,0.9204,0.8203
40,1267,0,0.3748,0.1785,0.9109,0.8213
41,1267,0,0.3728,0.1816,0.9011,0.8210
42,1267,0,0.3663,0.1849,0.8869,0.8201
43,1267,0,0.3618,0.1878,0.8693,0.8196
44,1267,0,0.3551,0.1901,0.8539,0.8240
45,1267,0,0.3508,0.1923,0.8384,0.8223
46,1267,0,0.3513,0.1942,0.8238,0.8179
47,1267,0,0.3504,0.1947,0.8140,0.8140
48,1267,0,0.3492,0.1957,0.8092,0.8057
49,1267,0,0.3469,0.1967,0.8069,0.7996
50,1267,0,0.3454,0.1977,0.8068,0.7909
51,1267,0,0.3441,0.1994,0.8083,0.7851
52,1267,0,0.3432,0.2006,0.8108,0.7750
53,1267,0,0.3424,0.2023,0.8138,0.7686
54,1267,0,0.3424,0.2042,0.8167,0.7645
55,1267,0,0.3430,0.2057,0.8188,0.7626
56,1267,0,0.3434,0.2079,0.8185,0.7624
57,1267,0,0.3435,0.2105,0.8180,0.7626
58,1267,0,0.3458,0.2136,0.8155,0.7629
59,1267,0,0.3477,0.2161,0.8119,0.7634
60,1267,0,0.3506,0.2182,0.8080,0.7641
61,1267,0,0.3540,0.2210,0.8036,0.7638
62,1267,0,0.3573,0.2247,0.7976,0.7638
63,1267,0,0.3604,0.2289,0.7842,0.7636
64,1267,0,0.3660,0.2313,0.7749,0.7612
65,1267,0,0.3717,0.2324,0.7714,0.7548
66,1267,0,0.3756,0.2333,0.7674,0.7481
67,1267,0,0.3802,0.2337,0.7653,0.7456
68,1267,0,0.3840,0.2348,0.7643,0.7422
69,1267,0,0.3883,0.2352,0.7661,0.7351
70,1267,0,0.3915,0.2360,0.7694,0.7278
71,1267,0,0.3934,0.2374,0.7752,0.7206
72,1267,0,0.3963,0.2377,0.7826,0.7186
73,1267,0,0.3985,0.2387,0.7917,0.7179
74,1267,0,0.4004,0.2390,0.7976,0.7185
75,1267,0,0.4022,0.2402,0.8017,0.7175
76,1267,0,0.4028,0.2411,0.8033,0.7173
77,1267,0,0.4022,0.2421,0.8040,0.7176
78,1267,0,0.4041,0.2438,0.8045,0.7171
79,1267,0,0.4012,0.2462,0.8038,0.7166
80,1267,0,0.4010,0.2488,0.8017,0.7167
81,1267,0,0.4040,0.2512,0.7977,0.7165
82,1267,0,0.4005,0.2533,0.7950,0.7165
83,1267,0,0.4004,0.2555,0.7919,0.7163
84,1267,0,0.4032,0.2571,0.7867,0.7157
85,1267,0,0.4041,0.2581,0.7784,0.7141
86,1267,0,0.4053,0.2591,0.7728,0.7135
87,1267,0,0.4047,0.2600,0.7677,0.7068
88,1267,0,0.4025,0.2607,0.7627,0.6997
89,1267,0,0.4059,0.2619,0.7580,0.6924
90,1267,0,0.4055,0.2616,0.7533,0.6888
91,1267,0,0.4080,0.2614,0.7469,0.6850
92,1267,0,0.4036,0.2615,0.7425,0.6834
93,1267,0,0.4066,0.2617,0.7390,0.6819
94,1267,0,0.4089,0.2619,0.7360,0.6811
95,1267,0,0.4115,0.2630,0.7314,0.6818
96,1267,0,0.4167,0.2643,0.7283,0.6817
97,1267,0,0.4222,0.2661,0.7255,0.6818
98,1267,0,0.4240,0.2681,0.7239,0.6817
99,1267,0,0.4265,0.2699,0.7230,0.6810
100,1267,0,0.4293,0.2725,0.7233,0.6809
101,1267,0,0.4323,0.2748,0.7248,0.6809
102,1267,0,0.4362,0.2772,0.7265,0.6814
103,1267,0,0.4418,0.2791,0.7304,0.6807
104,1267,0,0.4461,0.2805,0.7358,0.6785
105,1267,0,0.4491,0.2816,0.7415,0.6755
106,1267,0,0.4492,0.2814,0.7483,0.6749
107,1267,0,0.4532,0.2814,0.7517,0.6734
108,1267,0,0.4571,0.2826,0.7543,0.6725
109,1267,0,0.4619,0.2831,0.7579,0.6693
110,1267,0,0.4639,0.2829,0.7610,0.6663
111,1267,0,0.4656,0.2831,0.7631,0.6647
112,1267,0,0.4680,0.2836,0.7639,0.6643
113,1267,0,0.4710,0.2840,0.7624,0.6644
114,1267,0,0.4713,0.2845,0.7598,0.6640
115,1267,0,0.4733,0.2851,0.7557,0.6642
116,1267,0,0.4745,0.2859,0.7538,0.6642
117,1267,0,0.4759,0.2865,0.7511,0.6643
118,1267,0,0.4763,0.2881,0.7478,0.6643
119,1267,0,0.4770,0.2893,0.7442,0.6637
120,1267,0,0.4757,0.2906,0.7415,0.6633
121,1267,0,0.4745,0.2919,0.7388,0.6633
122,1267,0,0.4737,0.2936,0.7332,0.6639
123,1267,0,0.4718,0.2953,0.7284,0.6625
124,1267,0,0.4714,0.2961,0.7252,0.6605
125,1267,0,0.4716,0.2964,0.7218,0.6591
126,1267,0,0.4716,0.2967,0.7210,0.6539
127,1267,0,0.4701,0.2967,0.7209,0.6521
128,1267,0,0.4692,0.2971,0.7208,0.6502
129,1267,0,0.4686,0.2976,0.7220,0.6480
130,1267,0,0.4675,0.2978,0.7231,0.6448
131,1267,0,0.4667,0.2981,0.7230,0.6415
132,1267,0,0.4663,0.2981,0.7219,0.6395
133,1267,0,0.4664,0.2982,0.7214,0.6390
134,1267,0,0.4665,0.2982,0.7213,0.6386
135,1267,0,0.4670,0.2985,0.7217,0.6386
136,1267,0,0.4678,0.2998,0.7218,0.6381
137,1267,0,0.4695,0.3007,0.7221,0.6379
138,1267,0,0.4727,0.3016,0.7229,0.6372
139,1267,0,0.4774,0.3031,0.7234,0.6366
140,1267,0,0.4869,0.3045,0.7233,0.6366
141,1267,0,0.4948,0.3055,0.7214,0.6365
142,1267,0,0.5048,0.3058,0.7208,0.6362
143,1267,0,0.5142,0.3061,0.7165,0.6334
144,1267,0,0.5217,0.3069,0.7050,0.6333
145,1267,0,0.5306,0.3072,0.6986,0.6333
146,1267,0,0.5369,0.3075,0.6934,0.6327
147,1267,0,0.5382,0.3065,0.6868,0.6321
148,1267,0,0.5322,0.3062,0.6850,0.6321
149,1267,0,0.5294,0.3063,0.6856,0.6329
150,1267,0,0.5270,0.3066,0.6868,0.6333
151,1267,0,0.5273,0.3067,0.6890,0.6338
152,1267,0,0.5321,0.3066,0.6906,0.6344
153,1267,0,0.5392,0.3062,0.6919,0.6365
154,1267,0,0.5447,0.3059,0.6927,0.6372
155,1267,0,0.5476,0.3063,0.6919,0.6389
156,1267,0,0.5427,0.3064,0.6916,0.6387
157,1267,0,0.5300,0.3059,0.6928,0.6390
158,1267,0,0.5183,0.3052,0.6924,0.6387
159,1267,0,0.5105,0.3041,0.6930,0.6372
160,1267,0,0.5031,0.3033,0.6930,0.6402
161,1267,0,0.4989,0.3030,0.6936,0.6421
162,1267,0,0.4949,0.3033,0.6949,0.6437
163,1267,0,0.4955,0.3035,0.6966,0.6462
164,1267,0,0.4994,0.3030,0.6995,0.6493
165,1267,0,0.5058,0.3025,0.7040,0.6502
166,1267,0,0.5106,0.3024,0.7078,0.6521
167,1267,0,0.5153,0.3022,0.7096,0.6512
168,1267,0,0.5224,0.3017,0.7133,0.6510
169,1267,0,0.5263,0.3011,0.7170,0.6512
170,1267,0,0.5264,0.3006,0.7219,0.6509
171,1267,0,0.5237,0.2999,0.7255,0.6509
172,1267,0,0.5204,0.2986,0.7316,0.6527
173,1267,0,0.5144,0.2976,0.7360,0.6521
174,1267,0,0.5106,0.2968,0.7392,0.6515
175,1267,0,0.5053,0.2958,0.7423,0.6510
176,1267,0,0.5012,0.2950,0.7455,0.6506
177,1267,0,0.5000,0.2947,0.7480,0.6504
178,1267,0,0.5005,0.2945,0.7492,0.6502
179,1267,0,0.5023,0.2944,0.7506,0.6498
180,1267,0,0.5048,0.2942,0.7513,0.6504
181,1267,0,0.5033,0.2939,0.7516,0.6501
182,1267,0,0.4997,0.2936,0.7507,0.6507
183,1267,0,0.4902,0.2933,0.7495,0.6524
184,1267,0,0.4833,0.2928,0.7485,0.6544
185,1267,0,0.4769,0.2927,0.7478,0.6556
186,1267,0,0.4726,0.2927,0.7463,0.6572
187,1267,0,0.4719,0.2927,0.7435,0.6588
188,1267,0,0.4698,0.2927,0.7419,0.6614
189,1267,0,0.4658,0.2924,0.7385,0.6639
190,1267,0,0.4622,0.2911,0.7366,0.6652
191,1267,0,0.4608,0.2899,0.7337,0.6657
192,1267,0,0.4596,0.2874,0.7297,0.6659
193,1267,0,0.4582,0.2847,0.7273,0.6660
194,1267,0,0.4540,0.2829,0.7247,0.6660
195,1267,0,0.4447,0.2816,0.7213,0.6660
196,1267,0,0.4330,0.2799,0.7193,0.6655
197,1267,0,0.4215,0.2780,0.7172,0.6652
198,1267,0,0.4065,0.2766,0.7166,0.6653
199,1267,0,0.3957,0.2755,0.7165,0.6654
200,1267,0,0.3872,0.2747,0.7170,0.6667
201,1267,0,0.3791,0.2738,0.7171,0.6695
202,1267,0,0.3723,0.2733,0.7178,0.6735
203,1267,0,0.3678,0.2725,0.7187,0.6790
204,1267,0,0.3645,0.2719,0.7204,0.6829
205,1267,0,0.3625,0.2715,0.7223,0.6838
206,1267,0,0.3627,0.2711,0.7249,0.6834
207,1267,0,0.3655,0.2709,0.7270,0.6845
208,1267,0,0.3700,0.2708,0.7310,0.6888
209,1267,0,0.3759,0.2702,0.7369,0.6931
210,1267,0,0.3828,0.2696,0.7403,0.6959
211,1267,0,0.3906,0.2687,0.7429,0.6965
212,1267,0,0.3978,0.2661,0.7453,0.6968
213,1267,0,0.4064,0.2636,0.7484,0.6974
214,1267,0,0.4146,0.2612,0.7513,0.6980
215,1267,0,0.4197,0.2584,0.7579,0.6986
216,1267,0,0.4220,0.2566,0.7623,0.6981
217,1267,0,0.4233,0.2553,0.7655,0.6978
218,1267,0,0.4241,0.2543,0.7679,0.6972
219,1267,0,0.4234,0.2536,0.7696,0.6965
220,1267,0,0.4226,0.2532,0.7710,0.6958
221,1267,0,0.4205,0.2536,0.7719,0.6976
222,1267,0,0.4196,0.2537,0.7726,0.7012
223,1267,0,0.4195,0.2535,0.7730,0.7069
224,1267,0,0.4190,0.2523,0.7732,0.7107
225,1267,0,0.4193,0.2520,0.7732,0.7118
226,1267,0,0.4195,0.2512,0.7728,0.7141
227,1267,0,0.4189,0.2507,0.7723,0.7183
228,1267,0,0.4190,0.2501,0.7709,0.7217
229,1267,0,0.4191,0.2492,0.7696,0.7246
230,1267,0,0.4190,0.2467,0.7678,0.7251
231,1267,0,0.4186,0.2443,0.7659,0.7251
232,1267,0,0.4149,0.2419,0.7655,0.7248
233,1267,0,0.4093,0.2384,0.7653,0.7263
234,1267,0,0.4026,0.2361,0.7653,0.7270
235,1267,0,0.3973,0.2340,0.7641,0.7273
236,1267,0,0.3900,0.2323,0.7625,0.7274
237,1267,0,0.3805,0.2305,0.7616,0.7275
238,1267,0,0.3696,0.2281,0.7613,0.7274
239,1267,0,0.3571,0.2265,0.7621,0.7269
240,1267,0,0.3490,0.2251,0.7637,0.7273
241,1267,0,0.3414,0.2244,0.7649,0.7310
242,1267,0,0.3347,0.2233,0.7667,0.7359
243,1267,0,0.3291,0.2228,0.7689,0.7421
244,1267,0,0.3244,0.2221,0.7710,0.7496
245,1267,0,0.3204,0.2214,0.7738,0.7523
246,1267,0,0.3168,0.2201,0.7731,0.7560
247,1267,0,0.3129,0.2197,0.7755,0.7600
248,1267,0,0.3119,0.2188,0.7794,0.7655
249,1267,0,0.3133,0.2181,0.7841,0.7696
250,1267,0,0.3181,0.2165,0.7896,0.7730
251,1267,0,0.3217,0.2139,0.7932,0.7747
252,1267,0,0.3261,0.2104,0.7971,0.7760
253,1267,0,0.3355,0.2080,0.8039,0.7764
254,1267,0,0.3432,0.2053,0.8103,0.7773
255,1267,0,0.3481,0.2028,0.8152,0.7780
256,1267,0,0.3508,0.2000,0.8200,0.7781
257,1267,0,0.3527,0.1964,0.8241,0.7787
258,1267,0,0.3527,0.1941,0.8261,0.7796
259,1267,0,0.3524,0.1923,0.8280,0.7801
260,1267,0,0.3522,0.1911,0.8286,0.7802
261,1267,0,0.3514,0.1903,0.8290,0.7809
262,1267,0,0.3514,0.1896,0.8284,0.7843
263,1267,0,0.3526,0.1888,0.8261,0.7906
264,1267,0,0.3540,0.1878,0.8230,0.7961
265,1267,0,0.3558,0.1876,0.8206,0.8038
266,1267,0,0.3565,0.1873,0.8169,0.8111
267,1267,0,0.3581,0.1857,0.8101,0.8174
268,1267,0,0.3573,0.1832,0.8022,0.8207
269,1267,0,0.3541,0.1793,0.7960,0.8215
270,1267,0,0.3505,0.1755,0.7916,0.8221
271,1267,0,0.3462,0.1729,0.7879,0.8222
272,1267,0,0.3397,0.1723,0.7835,0.8228
273,1267,0,0.3303,0.1714,0.7792,0.8235
274,1267,0,0.3188,0.1684,0.7749,0.8238
275,1267,0,0.3059,0.1653,0.7689,0.8236
276,1267,0,0.2874,0.1620,0.7618,0.8240
277,1267,0,0.2721,0.1572,0.7547,0.8210
278,1267,0,0.2566,0.1534,0.7496,0.8219
279,1267,0,0.2412,0.1505,0.7446,0.8236
280,1267,0,0.2273,0.1483,0.7401,0.8278
281,1267,0,0.2164,0.1465,0.7353,0.8335
282,1267,0,0.2106,0.1448,0.7296,0.8440
283,1267,0,0.2080,0.1431,0.7238,0.8573
284,1267,0,0.2078,0.1426,0.7172,0.8662
285,1267,0,0.2084,0.1412,0.7098,0.8712
286,1267,0,0.2136,0.1383,0.7027,0.8720
287,1267,0,0.2253,0.1339,0.6933,0.8708
288,1267,0,0.2421,0.1306,0.6818,0.8704
289,1267,0,0.2688,0.1284,0.6751,0.8701
290,1267,0,0.2992,0.1247,0.6749,0.8675
291,1267,0,0.3327,0.1226,0.6772,0.8690
292,1267,0,0.3569,0.1190,0.6809,0.8748
293,1267,0,0.3634,0.1185,0.6840,0.8771
294,1267,0,0.3691,0.1175,0.6872,0.8763
295,1267,0,0.3810,0.1181,0.6900,0.8765
296,1267,0,0.3971,0.1204,0.6930,0.8774
